# File generated by CMD 3.5 (http://stev.oapd.inaf.it/cmd) on Thu Oct 21 00:01:57 CEST 2021
# isochrones based on PARSEC release v1.2S +  COLIBRI S_37 + S_35 + PR16
# Basic references: Bressan et al. (2012), MNRAS, 427, 127 + Chen et al. (2014, 2015), MNRAS, 444, 2525 + MNRAS, 452, 1068 + Tang et al. (2014), MNRAS, 445, 4287 + Marigo et al. (2017), ApJ, 835, 77 + Pastorelli al. (2019), MNRAS, 485, 5666 + Pastorelli al. (2020), MNRAS, in press
# Thermal pulse cycles included 
# On RGB, assumed Reimers mass loss with efficiency eta=0.2
# LPV periods and growth rates added cf. Trabucchi et al. (2019)
# Photometric system: Gaia EDR3 (all Vegamags, Gaia passbands from ESA/Gaia website)
# Using YBC version of bolometric corrections as in Chen et al. (2019)
# O-rich circumstellar dpmod60alox40 dust from Groenewegen (2006)
# C-rich circumstellar AMCSIC15 dust from Groenewegen (2006)
# IMF: Kroupa (2001, 2002) + Kroupa et al. (2013) canonical two-part-power law IMF corrected for unresolved binaries 
# Kind of output: isochrone tables
# Zini     MH   logAge Mini        int_IMF         Mass   logL    logTe  logg  label   McoreTP C_O  period0  period1  period2  period3  period4  pmode  Mloss  tau1m   X   Y   Xc  Xn  Xo  Cexcess  Z 	 mbolmag  Gmag    G_BPmag  G_RPmag
0.01471 0.00000 6.50000 0.0900000036 1.0816895962    0.090 -1.519  3.4271  3.572    0  0.000  0.545     0.00     0.00     0.00     0.00     0.00 -1  -2.1e-14      0.00 7.107e-01 2.745e-01 2.655e-03 7.163e-04 6.496e-03 -1.000 1.476e-02 8.567 10.460 12.805 9.046
0.01471 0.00000 6.50000 0.0937427208 1.1166038513    0.094 -1.513  3.4277  3.585    0  0.000  0.545     0.00     0.00     0.00     0.00     0.00 -1 -2.05e-14      0.00 7.107e-01 2.745e-01 2.655e-03 7.163e-04 6.496e-03 -1.000 1.476e-02 8.551 10.435 12.773 9.023
0.01471 0.00000 6.50000 0.1044793501 1.2074705362    0.104 -1.477  3.4312  3.611    0  0.000  0.545     0.00     0.00     0.00     0.00     0.00 -1 -2.05e-14      0.00 7.107e-01 2.745e-01 2.655e-03 7.163e-04 6.496e-03 -1.000 1.476e-02 8.463 10.299 12.592 8.897
0.01471 0.00000 6.50000 0.1115861312 1.2611917257    0.112 -1.459  3.4332  3.629    0  0.000  0.545     0.00     0.00     0.00     0.00     0.00 -1 -2.03e-14      0.00 7.107e-01 2.745e-01 2.655e-03 7.163e-04 6.496e-03 -1.000 1.476e-02 8.417 10.227 12.497 8.831
0.01471 0.00000 6.50000 0.1186379418 1.3102718592    0.119 -1.448  3.4343  3.649    0  0.000  0.545     0.00     0.00     0.00     0.00     0.00 -1 -1.97e-14      0.00 7.107e-01 2.745e-01 2.655e-03 7.163e-04 6.496e-03 -1.000 1.476e-02 8.390 10.186 12.444 8.792
0.01471 0.00000 6.50000 0.1223021671 1.3343015909    0.122 -1.435  3.4358  3.655    0  0.000  0.545     0.00     0.00     0.00     0.00     0.00 -1 -1.99e-14      0.00 7.107e-01 2.745e-01 2.655e-03 7.163e-04 6.496e-03 -1.000 1.476e-02 8.356 10.134 12.374 8.744
0.01471 0.00000 6.50000 0.1293924004 1.3782452345    0.129 -1.402  3.4395  3.661    0  0.000  0.545     0.00     0.00     0.00     0.00     0.00 -1 -2.07e-14      0.00 7.107e-01 2.745e-01 2.655e-03 7.163e-04 6.496e-03 -1.000 1.476e-02 8.274 10.008 12.202 8.628
0.01471 0.00000 6.50000 0.1363206208 1.4182609320    0.136 -1.383  3.4415  3.674    0  0.000  0.545     0.00     0.00     0.00     0.00     0.00 -1 -2.07e-14      0.00 7.107e-01 2.745e-01 2.655e-03 7.163e-04 6.496e-03 -1.000 1.476e-02 8.228 9.937 12.108 8.563
0.01471 0.00000 6.50000 0.1448433697 1.4640045166    0.145 -1.356  3.4447  3.686    0  0.000  0.545     0.00     0.00     0.00     0.00     0.00 -1 -2.11e-14      0.00 7.107e-01 2.745e-01 2.655e-03 7.163e-04 6.496e-03 -1.000 1.476e-02 8.160 9.831 11.965 8.465
0.01471 0.00000 6.50000 0.1520348787 1.4999623299    0.152 -1.330  3.4476  3.692    0  0.000  0.545     0.00     0.00     0.00     0.00     0.00 -1 -2.17e-14      0.00 7.107e-01 2.745e-01 2.655e-03 7.163e-04 6.496e-03 -1.000 1.476e-02 8.096 9.733 11.833 8.375
0.01471 0.00000 6.50000 0.1590866745 1.5331366062    0.159 -1.314  3.4494  3.703    0  0.000  0.545     0.00     0.00     0.00     0.00     0.00 -1 -2.18e-14      0.00 7.107e-01 2.745e-01 2.655e-03 7.163e-04 6.496e-03 -1.000 1.476e-02 8.055 9.670 11.749 8.317
0.01471 0.00000 6.50000 0.1626909524 1.5493628979    0.163 -1.303  3.4508  3.707    0  0.000  0.545     0.00     0.00     0.00     0.00     0.00 -1  -2.2e-14      0.00 7.107e-01 2.745e-01 2.655e-03 7.163e-04 6.496e-03 -1.000 1.476e-02 8.027 9.626 11.688 8.276
0.01471 0.00000 6.50000 0.1727894694 1.5924438238    0.173 -1.261  3.4555  3.711    0  0.000  0.545     0.00     0.00     0.00     0.00     0.00 -1 -2.34e-14      0.00 7.107e-01 2.745e-01 2.655e-03 7.163e-04 6.496e-03 -1.000 1.476e-02 7.923 9.470 11.478 8.134
0.01471 0.00000 6.50000 0.1829323322 1.6325390339    0.183 -1.229  3.4590  3.717    0  0.000  0.545     0.00     0.00     0.00     0.00     0.00 -1 -2.43e-14      0.00 7.107e-01 2.745e-01 2.655e-03 7.163e-04 6.496e-03 -1.000 1.476e-02 7.843 9.350 11.317 8.023
0.01471 0.00000 6.50000 0.1930899322 1.6698958874    0.193 -1.207  3.4615  3.728    0  0.000  0.545     0.00     0.00     0.00     0.00     0.00 -1 -2.46e-14      0.00 7.107e-01 2.745e-01 2.655e-03 7.163e-04 6.496e-03 -1.000 1.476e-02 7.787 9.269 11.209 7.948
0.01471 0.00000 6.50000 0.2023995519 1.7019567490    0.202 -1.191  3.4635  3.741    0  0.000  0.545     0.00     0.00     0.00     0.00     0.00 -1 -2.45e-14      0.00 7.107e-01 2.745e-01 2.655e-03 7.163e-04 6.496e-03 -1.000 1.476e-02 7.748 9.210 11.131 7.895
0.01471 0.00000 6.50000 0.2172636241 1.7493631840    0.217 -1.146  3.4689  3.748    0  0.000  0.545     0.00     0.00     0.00     0.00     0.00 -1  -2.6e-14      0.00 7.107e-01 2.745e-01 2.655e-03 7.163e-04 6.496e-03 -1.000 1.476e-02 7.634 9.045 10.912 7.743
0.01471 0.00000 6.50000 0.2324029207 1.7934991121    0.232 -1.109  3.4732  3.758    0  0.000  0.545     0.00     0.00     0.00     0.00     0.00 -1 -2.71e-14      0.00 7.107e-01 2.745e-01 2.655e-03 7.163e-04 6.496e-03 -1.000 1.476e-02 7.542 8.912 10.738 7.621
0.01471 0.00000 6.50000 0.2478094250 1.8347337246    0.248 -1.079  3.4768  3.771    0  0.000  0.545     0.00     0.00     0.00     0.00     0.00 -1 -2.77e-14      0.00 7.107e-01 2.745e-01 2.655e-03 7.163e-04 6.496e-03 -1.000 1.476e-02 7.468 8.805 10.597 7.523
0.01471 0.00000 6.50000 0.2508032620 1.8423604965    0.251 -1.074  3.4775  3.774    0  0.000  0.545     0.00     0.00     0.00     0.00     0.00 -1 -2.77e-14      0.00 7.107e-01 2.745e-01 2.655e-03 7.163e-04 6.496e-03 -1.000 1.476e-02 7.456 8.787 10.573 7.507
0.01471 0.00000 6.50000 0.2728855312 1.8951846361    0.273 -1.021  3.4845  3.785    0  0.000  0.545     0.00     0.00     0.00     0.00     0.00 -1 -2.97e-14      0.00 7.107e-01 2.745e-01 2.655e-03 7.163e-04 6.496e-03 -1.000 1.476e-02 7.323 8.593 10.312 7.332
0.01471 0.00000 6.50000 0.2956087887 1.9440354109    0.295 -0.975  3.4905  3.798    0  0.000  0.545     0.00     0.00     0.00     0.00     0.00 -1 -3.12e-14      0.00 7.107e-01 2.745e-01 2.655e-03 7.163e-04 6.496e-03 -1.000 1.476e-02 7.208 8.427 10.089 7.182
0.01471 0.00000 6.50000 0.3000000119 1.9529139996    0.300 -0.967  3.4915  3.800    0  0.000  0.545     0.00     0.00     0.00     0.00     0.00 -1 -3.15e-14      0.00 7.107e-01 2.745e-01 2.655e-03 7.163e-04 6.496e-03 -1.000 1.476e-02 7.189 8.400 10.054 7.157
0.01471 0.00000 6.50000 0.3294962943 2.0084724426    0.329 -0.909  3.4993  3.814    0  0.000  0.545     0.00     0.00     0.00     0.00     0.00 -1 -3.38e-14      0.00 7.107e-01 2.745e-01 2.655e-03 7.163e-04 6.496e-03 -1.000 1.476e-02 7.043 8.198 9.793 6.974
0.01471 0.00000 6.50000 0.3500000238 2.0434176922    0.350 -0.874  3.5041  3.824    0  0.000  0.545     0.00     0.00     0.00     0.00     0.00 -1 -3.52e-14      0.00 7.107e-01 2.745e-01 2.655e-03 7.163e-04 6.496e-03 -1.000 1.476e-02 6.954 8.075 9.634 6.862
0.01471 0.00000 6.50000 0.3596400321 2.0589401722    0.360 -0.857  3.5065  3.829    0  0.000  0.545     0.00     0.00     0.00     0.00     0.00 -1 -3.59e-14      0.00 7.107e-01 2.745e-01 2.655e-03 7.163e-04 6.496e-03 -1.000 1.476e-02 6.912 8.016 9.557 6.809
0.01471 0.00000 6.50000 0.4000000358 2.1185026169    0.400 -0.789  3.5163  3.846    0  0.000  0.545     0.00     0.00     0.00     0.00     0.00 -1  -3.9e-14      0.00 7.107e-01 2.745e-01 2.655e-03 7.163e-04 6.496e-03 -1.000 1.476e-02 6.742 7.777 9.244 6.594
0.01471 0.00000 6.50000 0.4085749090 2.1301548481    0.408 -0.775  3.5185  3.850    0  0.000  0.545     0.00     0.00     0.00     0.00     0.00 -1 -3.97e-14      0.00 7.107e-01 2.745e-01 2.655e-03 7.163e-04 6.496e-03 -1.000 1.476e-02 6.707 7.727 9.177 6.550
0.01471 0.00000 6.50000 0.4500000179 2.1822810173    0.450 -0.709  3.5285  3.866    0  0.000  0.545     0.00     0.00     0.00     0.00     0.00 -1 -4.32e-14      0.00 7.107e-01 2.745e-01 2.655e-03 7.163e-04 6.496e-03 -1.000 1.476e-02 6.543 7.492 8.864 6.342
0.01471 0.00000 6.50000 0.4667032957 2.2015640736    0.467 -0.685  3.5325  3.874    0  0.000  0.545     0.00     0.00     0.00     0.00     0.00 -1 -4.44e-14      0.00 7.107e-01 2.745e-01 2.655e-03 7.163e-04 6.496e-03 -1.000 1.476e-02 6.482 7.404 8.746 6.265
0.01471 0.00000 6.50000 0.5000000000 2.2374541759    0.500 -0.638  3.5401  3.887    0  0.000  0.545     0.00     0.00     0.00     0.00     0.00 -1 -4.71e-14      0.00 7.107e-01 2.745e-01 2.655e-03 7.163e-04 6.496e-03 -1.000 1.476e-02 6.364 7.233 8.517 6.117
0.01471 0.00000 6.50000 0.5181748271 2.2554368973    0.518 -0.610  3.5450  3.894    0  0.000  0.545     0.00     0.00     0.00     0.00     0.00 -1  -4.9e-14      0.00 7.107e-01 2.745e-01 2.655e-03 7.163e-04 6.496e-03 -1.000 1.476e-02 6.294 7.128 8.376 6.027
0.01471 0.00000 6.50000 0.5398617983 2.2750830650    0.540 -0.580  3.5501  3.902    0  0.000  0.545     0.00     0.00     0.00     0.00     0.00 -1 -5.09e-14      0.00 7.107e-01 2.745e-01 2.655e-03 7.163e-04 6.496e-03 -1.000 1.476e-02 6.220 7.019 8.228 5.933
0.01471 0.00000 6.50000 0.5500000119 2.2836582661    0.550 -0.568  3.5521  3.906    0  0.000  0.545     0.00     0.00     0.00     0.00     0.00 -1 -5.16e-14      0.00 7.107e-01 2.745e-01 2.655e-03 7.163e-04 6.496e-03 -1.000 1.476e-02 6.189 6.973 8.168 5.895
0.01471 0.00000 6.50000 0.5684421062 2.2983593941    0.568 -0.541  3.5569  3.913    0  0.000  0.545     0.00     0.00     0.00     0.00     0.00 -1 -5.36e-14      0.00 7.107e-01 2.745e-01 2.655e-03 7.163e-04 6.496e-03 -1.000 1.476e-02 6.122 6.874 8.033 5.810
0.01471 0.00000 6.50000 0.5934813023 2.3166472912    0.593 -0.507  3.5629  3.922    0  0.000  0.545     0.00     0.00     0.00     0.00     0.00 -1 -5.61e-14      0.00 7.107e-01 2.745e-01 2.655e-03 7.163e-04 6.496e-03 -1.000 1.476e-02 6.038 6.747 7.863 5.704
0.01471 0.00000 6.50000 0.6000000238 2.3211214542    0.600 -0.499  3.5644  3.924    0  0.000  0.545     0.00     0.00     0.00     0.00     0.00 -1 -5.67e-14      0.00 7.107e-01 2.745e-01 2.655e-03 7.163e-04 6.496e-03 -1.000 1.476e-02 6.017 6.717 7.822 5.678
0.01471 0.00000 6.50000 0.6095485687 2.3274767399    0.609 -0.487  3.5666  3.928    0  0.000  0.545     0.00     0.00     0.00     0.00     0.00 -1 -5.76e-14      0.00 7.107e-01 2.745e-01 2.655e-03 7.163e-04 6.496e-03 -1.000 1.476e-02 5.987 6.671 7.759 5.639
0.01471 0.00000 6.50000 0.6358716488 2.3438658714    0.636 -0.453  3.5729  3.938    0  0.000  0.545     0.00     0.00     0.00     0.00     0.00 -1 -6.03e-14      0.00 7.107e-01 2.745e-01 2.655e-03 7.163e-04 6.496e-03 -1.000 1.476e-02 5.902 6.541 7.585 5.532
0.01471 0.00000 6.50000 0.6499999762 2.3520355225    0.650 -0.435  3.5761  3.943    0  0.000  0.545     0.00     0.00     0.00     0.00     0.00 -1 -6.18e-14      0.00 7.107e-01 2.745e-01 2.655e-03 7.163e-04 6.496e-03 -1.000 1.476e-02 5.858 6.474 7.495 5.475
0.01471 0.00000 6.50000 0.6609658599 2.3581001759    0.661 -0.421  3.5786  3.946    0  0.000  0.545     0.00     0.00     0.00     0.00     0.00 -1  -6.3e-14      0.00 7.107e-01 2.745e-01 2.655e-03 7.163e-04 6.496e-03 -1.000 1.476e-02 5.823 6.421 7.424 5.431
0.01471 0.00000 6.50000 0.6878760457 2.3720455170    0.688 -0.387  3.5849  3.954    0  0.000  0.545     0.00     0.00     0.00     0.00     0.00 -1 -6.64e-14      0.00 7.107e-01 2.745e-01 2.655e-03 7.163e-04 6.496e-03 -1.000 1.476e-02 5.736 6.292 7.256 5.323
0.01471 0.00000 6.50000 0.7000000477 2.3779268265    0.700 -0.372  3.5876  3.957    0  0.000  0.545     0.00     0.00     0.00     0.00     0.00 -1 -6.77e-14      0.00 7.107e-01 2.745e-01 2.655e-03 7.163e-04 6.496e-03 -1.000 1.476e-02 5.700 6.238 7.185 5.278
0.01471 0.00000 6.50000 0.7160568833 2.3853645325    0.716 -0.333  3.5994  3.976    0  0.000  0.542     0.00     0.00     0.00     0.00     0.00 -1 -7.17e-14      0.00 7.107e-01 2.745e-01 2.643e-03 7.159e-04 6.496e-03 -1.000 1.476e-02 5.603 6.059 6.934 5.140
0.01471 0.00000 6.50000 0.7500000000 2.3998889923    0.750 -0.249  3.6249  4.013    0  0.000  0.538     0.00     0.00     0.00     0.00     0.00 -1 -8.17e-14      0.00 7.107e-01 2.745e-01 2.620e-03 7.153e-04 6.497e-03 -1.000 1.476e-02 5.392 5.692 6.435 4.853
0.01471 0.00000 6.50000 0.7558508515 2.4022414684    0.756 -0.244  3.6256  4.015    0  0.000  0.538     0.00     0.00     0.00     0.00     0.00 -1 -8.22e-14      0.00 7.107e-01 2.745e-01 2.620e-03 7.153e-04 6.497e-03 -1.000 1.476e-02 5.380 5.676 6.416 4.839
0.01471 0.00000 6.50000 0.7972540855 2.4177603722    0.797 -0.207  3.6303  4.020    0  0.000  0.538     0.00     0.00     0.00     0.00     0.00 -1 -8.65e-14      0.00 7.107e-01 2.745e-01 2.620e-03 7.153e-04 6.497e-03 -1.000 1.476e-02 5.288 5.557 6.275 4.734
0.01471 0.00000 6.50000 0.8000000119 2.4187245369    0.800 -0.205  3.6306  4.021    0  0.000  0.538     0.00     0.00     0.00     0.00     0.00 -1 -8.67e-14      0.00 7.107e-01 2.745e-01 2.620e-03 7.153e-04 6.497e-03 -1.000 1.476e-02 5.283 5.550 6.267 4.728
0.01471 0.00000 6.50000 0.8020824194 2.4194507599    0.802 -0.203  3.6309  4.021    0  0.000  0.538     0.00     0.00     0.00     0.00     0.00 -1 -8.69e-14      0.00 7.107e-01 2.745e-01 2.620e-03 7.153e-04 6.497e-03 -1.000 1.476e-02 5.278 5.545 6.261 4.724
0.01471 0.00000 6.50000 0.8498623967 2.4349930286    0.849 -0.163  3.6361  4.026    0  0.000  0.538     0.00     0.00     0.00     0.00     0.00 -1 -9.21e-14      0.00 7.107e-01 2.745e-01 2.620e-03 7.153e-04 6.497e-03 -1.000 1.476e-02 5.177 5.415 6.108 4.609
0.01471 0.00000 6.50000 0.8500000238 2.4350347519    0.850 -0.163  3.6361  4.026    0  0.000  0.538     0.00     0.00     0.00     0.00     0.00 -1 -9.21e-14      0.00 7.107e-01 2.745e-01 2.620e-03 7.153e-04 6.497e-03 -1.000 1.476e-02 5.177 5.415 6.108 4.609
0.01471 0.00000 6.50000 0.8999999762 2.4492788315    0.899 -0.120  3.6415  4.030    0  0.000  0.538     0.00     0.00     0.00     0.00     0.00 -1 -9.85e-14      0.00 7.107e-01 2.745e-01 2.620e-03 7.153e-04 6.497e-03 -1.000 1.476e-02 5.069 5.279 5.949 4.489
0.01471 0.00000 6.50000 0.9456328750 2.4607782364    0.945 -0.084  3.6461  4.034    0  0.000  0.538     0.00     0.00     0.00     0.00     0.00 -1 -1.04e-13      0.00 7.107e-01 2.745e-01 2.620e-03 7.153e-04 6.497e-03 -1.000 1.476e-02 4.980 5.166 5.817 4.389
0.01471 0.00000 6.50000 0.9499999881 2.4618122578    0.950 -0.081  3.6466  4.035    0  0.000  0.538     0.00     0.00     0.00     0.00     0.00 -1 -1.04e-13      0.00 7.107e-01 2.745e-01 2.620e-03 7.153e-04 6.497e-03 -1.000 1.476e-02 4.972 5.156 5.804 4.380
0.01471 0.00000 6.50000 0.9766692519 2.4678971767    0.977 -0.061  3.6492  4.037    0  0.000  0.538     0.00     0.00     0.00     0.00     0.00 -1 -1.07e-13      0.00 7.107e-01 2.745e-01 2.620e-03 7.153e-04 6.497e-03 -1.000 1.476e-02 4.922 5.092 5.729 4.324
0.01471 0.00000 6.50000 1.0000000000 2.4729156494    1.000 -0.041  3.6516  4.038    0  0.000  0.538     0.00     0.00     0.00     0.00     0.00 -1 -1.11e-13      0.00 7.107e-01 2.745e-01 2.620e-03 7.153e-04 6.497e-03 -1.000 1.476e-02 4.873 5.032 5.660 4.271
0.01471 0.00000 6.50000 1.0305669308 2.4790964127    1.030 -0.019  3.6546  4.040    0  0.000  0.538     0.00     0.00     0.00     0.00     0.00 -1 -1.09e-13      0.00 7.107e-01 2.745e-01 2.620e-03 7.153e-04 6.497e-03 -1.000 1.476e-02 4.818 4.963 5.580 4.210
0.01471 0.00000 6.50000 1.0499999523 2.4828116894    1.050 -0.004  3.6565  4.041    0  0.000  0.538     0.00     0.00     0.00     0.00     0.00 -1 -1.09e-13      0.00 7.107e-01 2.745e-01 2.620e-03 7.153e-04 6.497e-03 -1.000 1.476e-02 4.780 4.916 5.526 4.169
0.01471 0.00000 6.50000 1.1000000238 2.4916803837    1.099  0.035  3.6614  4.042    0  0.000  0.538     0.00     0.00     0.00     0.00     0.00 -1 -1.07e-13      0.00 7.107e-01 2.745e-01 2.620e-03 7.153e-04 6.497e-03 -1.000 1.476e-02 4.684 4.798 5.389 4.064
0.01471 0.00000 6.50000 1.1499999762 2.4996678829    1.149  0.071  3.6661  4.044    0  0.000  0.538     0.00     0.00     0.00     0.00     0.00 -1 -1.04e-13      0.00 7.107e-01 2.745e-01 2.620e-03 7.153e-04 6.497e-03 -1.000 1.476e-02 4.592 4.687 5.262 3.966
0.01471 0.00000 6.50000 1.2000000477 2.5068950653    1.200  0.106  3.6706  4.045    0  0.000  0.538     0.00     0.00     0.00     0.00     0.00 -1 -1.01e-13      0.00 7.107e-01 2.745e-01 2.620e-03 7.153e-04 6.497e-03 -1.000 1.476e-02 4.504 4.581 5.140 3.871
0.01471 0.00000 6.50000 1.2305649519 2.5109817982    1.230  0.126  3.6733  4.047    0  0.000  0.538     0.00     0.00     0.00     0.00     0.00 -1 -9.73e-14      0.00 7.107e-01 2.745e-01 2.620e-03 7.153e-04 6.497e-03 -1.000 1.476e-02 4.455 4.522 5.073 3.820
0.01471 0.00000 6.50000 1.2500000000 2.5134611130    1.250  0.141  3.6750  4.046    0  0.000  0.538     0.00     0.00     0.00     0.00     0.00 -1  -9.6e-14      0.00 7.107e-01 2.745e-01 2.620e-03 7.153e-04 6.497e-03 -1.000 1.476e-02 4.418 4.479 5.024 3.781
0.01471 0.00000 6.50000 1.2999999523 2.5194499493    1.300  0.176  3.6794  4.045    0  0.000  0.538     0.00     0.00     0.00     0.00     0.00 -1 -9.08e-14      0.00 7.107e-01 2.745e-01 2.620e-03 7.153e-04 6.497e-03 -1.000 1.476e-02 4.329 4.374 4.905 3.688
0.01471 0.00000 6.50000 1.3010478020 2.5195698738    1.301  0.177  3.6795  4.046    0  0.000  0.538     0.00     0.00     0.00     0.00     0.00 -1 -9.06e-14      0.00 7.107e-01 2.745e-01 2.620e-03 7.153e-04 6.497e-03 -1.000 1.476e-02 4.328 4.373 4.902 3.687
0.01471 0.00000 6.50000 1.3499999046 2.5249314308    1.350  0.212  3.6838  4.044    0  0.000  0.538     0.00     0.00     0.00     0.00     0.00 -1 -8.48e-14      0.00 7.107e-01 2.745e-01 2.620e-03 7.153e-04 6.497e-03 -1.000 1.476e-02 4.240 4.271 4.788 3.596
0.01471 0.00000 6.50000 1.3999999762 2.5299651623    1.400  0.248  3.6881  4.040    0  0.000  0.538     0.00     0.00     0.00     0.00     0.00 -1  -7.8e-14      0.00 7.107e-01 2.745e-01 2.620e-03 7.153e-04 6.497e-03 -1.000 1.476e-02 4.149 4.166 4.670 3.501
0.01471 0.00000 6.50000 1.4500000477 2.5346016884    1.450  0.281  3.6922  4.039    0  0.000  0.538     0.00     0.00     0.00     0.00     0.00 -1 -6.89e-14      0.00 7.107e-01 2.745e-01 2.620e-03 7.153e-04 6.497e-03 -1.000 1.476e-02 4.067 4.072 4.564 3.417
0.01471 0.00000 6.50000 1.4714869261 2.5364832878    1.472  0.294  3.6939  4.039    0  0.000  0.538     0.00     0.00     0.00     0.00     0.00 -1  -6.4e-14      0.00 7.107e-01 2.745e-01 2.620e-03 7.153e-04 6.497e-03 -1.000 1.476e-02 4.034 4.034 4.521 3.384
0.01471 0.00000 6.50000 1.5000000000 2.5388846397    1.500  0.316  3.6964  4.036    0  0.000  0.538     0.00     0.00     0.00     0.00     0.00 -1 -5.89e-14      0.00 7.107e-01 2.745e-01 2.620e-03 7.153e-04 6.497e-03 -1.000 1.476e-02 3.980 3.973 4.454 3.329
0.01471 0.00000 6.50000 1.5499999523 2.5428512096    1.550  0.351  3.7006  4.032    0  0.000  0.538     0.00     0.00     0.00     0.00     0.00 -1 -4.74e-14      0.00 7.107e-01 2.745e-01 2.620e-03 7.153e-04 6.497e-03 -1.000 1.476e-02 3.893 3.874 4.343 3.240
0.01471 0.00000 6.50000 1.5785036087 2.5449836254    1.578  0.373  3.7030  4.027    0  0.000  0.538     0.00     0.00     0.00     0.00     0.00 -1 -3.93e-14      0.00 7.107e-01 2.745e-01 2.620e-03 7.153e-04 6.497e-03 -1.000 1.476e-02 3.837 3.813 4.275 3.185
0.01471 0.00000 6.50000 1.6000000238 2.5465342999    1.600  0.392  3.7050  4.022    0  0.000  0.538     0.00     0.00     0.00     0.00     0.00 -1 -3.45e-14      0.00 7.107e-01 2.745e-01 2.620e-03 7.153e-04 6.497e-03 -1.000 1.476e-02 3.791 3.761 4.218 3.138
0.01471 0.00000 6.50000 1.6500000954 2.5499615669    1.649  0.424  3.7090  4.020    0  0.000  0.538     0.00     0.00     0.00     0.00     0.00 -1 -1.83e-14      0.00 7.107e-01 2.745e-01 2.620e-03 7.153e-04 6.497e-03 -1.000 1.476e-02 3.711 3.672 4.119 3.057
0.01471 0.00000 6.50000 1.7000000477 2.5531582832    1.699  0.458  3.7130  4.015    0  0.000  0.538     0.00     0.00     0.00     0.00     0.00 -1    -1e-30      0.00 7.107e-01 2.745e-01 2.620e-03 7.153e-04 6.497e-03 -1.000 1.476e-02 3.626 3.578 4.015 2.972
0.01471 0.00000 6.50000 1.7039594650 2.5534021854    1.703  0.460  3.7133  4.014    0  0.000  0.538     0.00     0.00     0.00     0.00     0.00 -1    -1e-30      0.00 7.107e-01 2.745e-01 2.620e-03 7.153e-04 6.497e-03 -1.000 1.476e-02 3.619 3.570 4.007 2.966
0.01471 0.00000 6.50000 1.7500000000 2.5561456680    1.749  0.494  3.7172  4.007    0  0.000  0.538     0.00     0.00     0.00     0.00     0.00 -1    -1e-30      0.00 7.107e-01 2.745e-01 2.620e-03 7.153e-04 6.497e-03 -1.000 1.476e-02 3.534 3.477 3.905 2.881
0.01471 0.00000 6.50000 1.7538579702 2.5563681126    1.753  0.497  3.7175  4.006    0  0.000  0.538     0.00     0.00     0.00     0.00     0.00 -1    -1e-30      0.00 7.107e-01 2.745e-01 2.620e-03 7.153e-04 6.497e-03 -1.000 1.476e-02 3.527 3.469 3.897 2.874
0.01471 0.00000 6.50000 1.7999998331 2.5589430332    1.799  0.534  3.7215  3.997    0  0.000  0.538     0.00     0.00     0.00     0.00     0.00 -1    -1e-30      0.00 7.107e-01 2.745e-01 2.620e-03 7.153e-04 6.497e-03 -1.000 1.476e-02 3.434 3.368 3.786 2.781
0.01471 0.00000 6.50000 1.8388261795 2.5609951019    1.838  0.569  3.7251  3.985    0  0.000  0.538     0.00     0.00     0.00     0.00     0.00 -1    -1e-30      0.00 7.107e-01 2.745e-01 2.620e-03 7.153e-04 6.497e-03 -1.000 1.476e-02 3.346 3.274 3.683 2.695
0.01471 0.00000 6.50000 1.8499999046 2.5615673065    1.849  0.580  3.7262  3.982    0  0.000  0.538     0.00     0.00     0.00     0.00     0.00 -1    -1e-30      0.00 7.107e-01 2.745e-01 2.620e-03 7.153e-04 6.497e-03 -1.000 1.476e-02 3.320 3.245 3.652 2.669
0.01471 0.00000 6.50000 1.8999999762 2.5640332699    1.899  0.624  3.7307  3.967    0  0.000  0.538     0.00     0.00     0.00     0.00     0.00 -1    -1e-30      0.00 7.107e-01 2.745e-01 2.620e-03 7.153e-04 6.497e-03 -1.000 1.476e-02 3.210 3.127 3.523 2.561
0.01471 0.00000 6.50000 1.9500000477 2.5663545132    1.950  0.670  3.7353  3.952    0  0.000  0.538     0.00     0.00     0.00     0.00     0.00 -1    -1e-30      0.00 7.107e-01 2.745e-01 2.620e-03 7.153e-04 6.497e-03 -1.000 1.476e-02 3.096 3.006 3.393 2.450
0.01471 0.00000 6.50000 2.0000000000 2.5685424805    2.000  0.722  3.7403  3.931    0  0.000  0.538     0.00     0.00     0.00     0.00     0.00 -1    -1e-30      0.00 7.107e-01 2.745e-01 2.620e-03 7.153e-04 6.497e-03 -1.000 1.476e-02 2.966 2.869 3.244 2.323
0.01471 0.00000 6.50000 2.0184326172 2.5693178177    2.018  0.740  3.7421  3.923    0  0.000  0.538     0.00     0.00     0.00     0.00     0.00 -1    -1e-30      0.00 7.107e-01 2.745e-01 2.620e-03 7.153e-04 6.497e-03 -1.000 1.476e-02 2.919 2.820 3.192 2.279
0.01471 0.00000 6.50000 2.0499999523 2.5706083775    2.050  0.777  3.7455  3.906    0  0.000  0.538     0.00     0.00     0.00     0.00     0.00 -1    -1e-30      0.00 7.107e-01 2.745e-01 2.620e-03 7.153e-04 6.497e-03 -1.000 1.476e-02 2.827 2.724 3.089 2.190
0.01471 0.00000 6.50000 2.0652303696 2.5712149143    2.065  0.796  3.7471  3.898    0  0.000  0.538     0.00     0.00     0.00     0.00     0.00 -1    -1e-30      0.00 7.107e-01 2.745e-01 2.620e-03 7.153e-04 6.497e-03 -1.000 1.476e-02 2.781 2.676 3.037 2.145
0.01471 0.00000 6.50000 2.0999999046 2.5725615025    2.099  0.844  3.7513  3.873    0  0.000  0.538     0.00     0.00     0.00     0.00     0.00 -1    -1e-30      0.00 7.107e-01 2.745e-01 2.620e-03 7.153e-04 6.497e-03 -1.000 1.476e-02 2.659 2.550 2.902 2.029
0.01471 0.00000 6.50000 2.1187126637 2.5732653141    2.118  0.871  3.7535  3.859    0  0.000  0.538     0.00     0.00     0.00     0.00     0.00 -1    -1e-30      0.00 7.107e-01 2.745e-01 2.620e-03 7.153e-04 6.497e-03 -1.000 1.476e-02 2.592 2.481 2.828 1.965
0.01471 0.00000 6.50000 2.1500000954 2.5744106770    2.149  0.923  3.7578  3.831    0  0.000  0.538     0.00     0.00     0.00     0.00     0.00 -1    -1e-30      0.00 7.107e-01 2.745e-01 2.620e-03 7.153e-04 6.497e-03 -1.000 1.476e-02 2.463 2.347 2.684 1.841
0.01471 0.00000 6.50000 2.1600849628 2.5747716427    2.159  0.940  3.7592  3.821    0  0.000  0.538     0.00     0.00     0.00     0.00     0.00 -1    -1e-30      0.00 7.107e-01 2.745e-01 2.620e-03 7.153e-04 6.497e-03 -1.000 1.476e-02 2.420 2.303 2.636 1.800
0.01471 0.00000 6.50000 2.1960484982 2.5760283470    2.194  1.009  3.7649  3.782    0  0.000  0.538     0.00     0.00     0.00     0.00     0.00 -1    -1e-30      0.00 7.107e-01 2.745e-01 2.620e-03 7.153e-04 6.497e-03 -1.000 1.476e-02 2.247 2.126 2.447 1.637
0.01471 0.00000 6.50000 2.2000000477 2.5761635303    2.199  1.017  3.7656  3.777    0  0.000  0.538     0.00     0.00     0.00     0.00     0.00 -1    -1e-30      0.00 7.107e-01 2.745e-01 2.620e-03 7.153e-04 6.497e-03 -1.000 1.476e-02 2.227 2.105 2.425 1.618
0.01471 0.00000 6.50000 2.2237346172 2.5769636631    2.222  1.065  3.7696  3.750    0  0.000  0.538     0.00     0.00     0.00     0.00     0.00 -1    -1e-30      0.00 7.107e-01 2.745e-01 2.620e-03 7.153e-04 6.497e-03 -1.000 1.476e-02 2.108 1.983 2.295 1.505
0.01471 0.00000 6.50000 2.2500000000 2.5778269768    2.249  1.118  3.7743  3.721    0  0.000  0.538     0.00     0.00     0.00     0.00     0.00 -1    -1e-30      0.00 7.107e-01 2.745e-01 2.620e-03 7.153e-04 6.497e-03 -1.000 1.476e-02 1.976 1.848 2.149 1.382
0.01471 0.00000 6.50000 2.2586135864 2.5781049728    2.257  1.135  3.7758  3.712    0  0.000  0.538     0.00     0.00     0.00     0.00     0.00 -1    -1e-30      0.00 7.107e-01 2.745e-01 2.620e-03 7.153e-04 6.497e-03 -1.000 1.476e-02 1.932 1.804 2.101 1.341
0.01471 0.00000 6.50000 2.2883412838 2.5790460110    2.287  1.194  3.7816  3.682    0  0.000  0.538     0.00     0.00     0.00     0.00     0.00 -1    -1e-30      0.00 7.107e-01 2.745e-01 2.620e-03 7.153e-04 6.497e-03 -1.000 1.476e-02 1.785 1.654 1.938 1.206
0.01471 0.00000 6.50000 2.2999999523 2.5794074535    2.299  1.217  3.7840  3.671    0  0.000  0.538     0.00     0.00     0.00     0.00     0.00 -1    -1e-30      0.00 7.107e-01 2.745e-01 2.620e-03 7.153e-04 6.497e-03 -1.000 1.476e-02 1.728 1.596 1.875 1.154
0.01471 0.00000 6.50000 2.3121011257 2.5797781944    2.311  1.240  3.7866  3.660    0  0.000  0.538     0.00     0.00     0.00     0.00     0.00 -1    -1e-30      0.00 7.107e-01 2.745e-01 2.620e-03 7.153e-04 6.497e-03 -1.000 1.476e-02 1.669 1.535 1.810 1.100
0.01471 0.00000 6.50000 2.3436985016 2.5807254314    2.342  1.302  3.7941  3.634    0  0.000  0.538     0.00     0.00     0.00     0.00     0.00 -1    -1e-30      0.00 7.107e-01 2.745e-01 2.620e-03 7.153e-04 6.497e-03 -1.000 1.476e-02 1.514 1.378 1.637 0.961
0.01471 0.00000 6.50000 2.3745400906 2.5816221237    2.373  1.364  3.8030  3.614    0  0.000  0.538     0.00     0.00     0.00     0.00     0.00 -1    -1e-30      0.00 7.107e-01 2.745e-01 2.620e-03 7.153e-04 6.497e-03 -1.000 1.476e-02 1.361 1.223 1.463 0.829
0.01471 0.00000 6.50000 2.4000000954 2.5823426247    2.399  1.415  3.8121  3.603    0  0.000  0.538     0.00     0.00     0.00     0.00     0.00 -1    -1e-30      0.00 7.107e-01 2.745e-01 2.620e-03 7.153e-04 6.497e-03 -1.000 1.476e-02 1.232 1.094 1.316 0.724
0.01471 0.00000 6.50000 2.4055423737 2.5824968815    2.405  1.427  3.8145  3.602    0  0.000  0.538     0.00     0.00     0.00     0.00     0.00 -1    -1e-30      0.00 7.107e-01 2.745e-01 2.620e-03 7.153e-04 6.497e-03 -1.000 1.476e-02 1.203 1.065 1.282 0.700
0.01471 0.00000 6.50000 2.4202225208 2.5829021931    2.419  1.458  3.8221  3.604    0  0.000  0.538     0.00     0.00     0.00     0.00     0.00 -1    -1e-30      0.00 7.107e-01 2.745e-01 2.620e-03 7.153e-04 6.497e-03 -1.000 1.476e-02 1.124 0.985 1.189 0.639
0.01471 0.00000 6.50000 2.4333634377 2.5832602978    2.433  1.487  3.8304  3.611    0  0.000  0.538     0.00     0.00     0.00     0.00     0.00 -1    -1e-30      0.00 7.107e-01 2.745e-01 2.620e-03 7.153e-04 6.497e-03 -1.000 1.476e-02 1.053 0.914 1.103 0.589
0.01471 0.00000 6.50000 2.4458866119 2.5835974216    2.445  1.514  3.8393  3.622    0  0.000  0.538     0.00     0.00     0.00     0.00     0.00 -1    -1e-30      0.00 7.107e-01 2.745e-01 2.620e-03 7.153e-04 6.497e-03 -1.000 1.476e-02 0.985 0.847 1.021 0.544
0.01471 0.00000 6.50000 2.4580442905 2.5839207172    2.457  1.540  3.8487  3.635    0  0.000  0.538     0.00     0.00     0.00     0.00     0.00 -1    -1e-30      0.00 7.107e-01 2.745e-01 2.620e-03 7.153e-04 6.497e-03 -1.000 1.476e-02 0.919 0.783 0.941 0.502
0.01471 0.00000 6.50000 2.4698977470 2.5842325687    2.469  1.567  3.8582  3.649    0  0.000  0.538     0.00     0.00     0.00     0.00     0.00 -1    -1e-30      0.00 7.107e-01 2.745e-01 2.620e-03 7.154e-04 6.497e-03 -1.000 1.476e-02 0.854 0.720 0.863 0.464
0.01471 0.00000 6.50000 2.4814875126 2.5845341682    2.481  1.592  3.8679  3.664    0  0.000  0.538     0.00     0.00     0.00     0.00     0.00 -1    -1e-30      0.00 7.107e-01 2.745e-01 2.620e-03 7.154e-04 6.497e-03 -1.000 1.476e-02 0.790 0.661 0.789 0.430
0.01471 0.00000 6.50000 2.4928407669 2.5848264694    2.492  1.617  3.8777  3.680    0  0.000  0.538     0.00     0.00     0.00     0.00     0.00 -1    -1e-30      0.00 7.107e-01 2.745e-01 2.620e-03 7.154e-04 6.497e-03 -1.000 1.476e-02 0.727 0.605 0.717 0.399
0.01471 0.00000 6.50000 2.5039820671 2.5851104259    2.503  1.642  3.8874  3.697    0  0.000  0.538     0.00     0.00     0.00     0.00     0.00 -1    -1e-30      0.00 7.107e-01 2.745e-01 2.620e-03 7.154e-04 6.497e-03 -1.000 1.476e-02 0.666 0.551 0.648 0.371
0.01471 0.00000 6.50000 2.5185368061 2.5854768753    2.518  1.674  3.9005  3.720    0  0.000  0.538     0.00     0.00     0.00     0.00     0.00 -1    -1e-30      0.00 7.107e-01 2.745e-01 2.620e-03 7.154e-04 6.497e-03 -1.000 1.476e-02 0.586 0.485 0.562 0.340
0.01471 0.00000 6.50000 2.5327916145 2.5858311653    2.532  1.705  3.9136  3.743    0  0.000  0.538     0.00     0.00     0.00     0.00     0.00 -1    -1e-30      0.00 7.107e-01 2.745e-01 2.620e-03 7.154e-04 6.497e-03 -1.000 1.476e-02 0.508 0.427 0.486 0.315
0.01471 0.00000 6.50000 2.5467946529 2.5861747265    2.546  1.735  3.9268  3.768    0  0.000  0.538     0.00     0.00     0.00     0.00     0.00 -1    -1e-30      0.00 7.107e-01 2.745e-01 2.620e-03 7.154e-04 6.497e-03 -1.000 1.476e-02 0.433 0.377 0.420 0.295
0.01471 0.00000 6.50000 2.5605945587 2.5865089893    2.560  1.764  3.9400  3.794    0  0.000  0.538     0.00     0.00     0.00     0.00     0.00 -1    -1e-30      0.00 7.107e-01 2.745e-01 2.620e-03 7.154e-04 6.497e-03 -1.000 1.476e-02 0.360 0.337 0.366 0.281
0.01471 0.00000 6.50000 2.5742526054 2.5868358612    2.574  1.792  3.9533  3.822    0  0.000  0.538     0.00     0.00     0.00     0.00     0.00 -1    -1e-30      0.00 7.107e-01 2.745e-01 2.620e-03 7.154e-04 6.497e-03 -1.000 1.476e-02 0.289 0.309 0.326 0.275
0.01471 0.00000 6.50000 2.5878505707 2.5871574879    2.588  1.819  3.9667  3.850    0  0.000  0.538     0.00     0.00     0.00     0.00     0.00 -1    -1e-30      0.00 7.107e-01 2.745e-01 2.620e-03 7.154e-04 6.497e-03 -1.000 1.476e-02 0.221 0.290 0.297 0.276
0.01471 0.00000 6.50000 2.5999999046 2.5874414444    2.600  1.843  3.9786  3.877    0  0.000  0.538     0.00     0.00     0.00     0.00     0.00 -1    -1e-30      0.00 7.107e-01 2.745e-01 2.620e-03 7.154e-04 6.497e-03 -1.000 1.476e-02 0.163 0.281 0.280 0.282
0.01471 0.00000 6.50000 2.6103713512 2.5876815319    2.610  1.861  3.9885  3.900    0  0.000  0.538     0.00     0.00     0.00     0.00     0.00 -1    -1e-30      0.00 7.107e-01 2.745e-01 2.620e-03 7.154e-04 6.497e-03 -1.000 1.476e-02 0.118 0.278 0.271 0.290
0.01471 0.00000 6.50000 2.6241948605 2.5879979134    2.624  1.883  4.0013  3.932    0  0.000  0.538     0.00     0.00     0.00     0.00     0.00 -1    -1e-30      0.00 7.107e-01 2.745e-01 2.620e-03 7.154e-04 6.497e-03 -1.000 1.476e-02 0.064 0.282 0.268 0.307
0.01471 0.00000 6.50000 2.6389474869 2.5883314610    2.639  1.900  4.0140  3.967    0  0.000  0.538     0.00     0.00     0.00     0.00     0.00 -1    -1e-30      0.00 7.107e-01 2.745e-01 2.620e-03 7.154e-04 6.497e-03 -1.000 1.476e-02 0.019 0.296 0.277 0.333
0.01471 0.00000 6.50000 2.6471383572 2.5885148048    2.647  1.909  4.0207  3.987    0  0.000  0.538     0.00     0.00     0.00     0.00     0.00 -1    -1e-30      0.00 7.107e-01 2.745e-01 2.620e-03 7.154e-04 6.497e-03 -1.000 1.476e-02 -0.002 0.308 0.285 0.350
0.01471 0.00000 6.50000 2.6560034752 2.5887119770    2.656  1.908  4.0254  4.008    0  0.000  0.538     0.00     0.00     0.00     0.00     0.00 -1    -1e-30      0.00 7.107e-01 2.745e-01 2.620e-03 7.154e-04 6.497e-03 -1.000 1.476e-02 0.000 0.333 0.309 0.379
0.01471 0.00000 6.50000 2.6802105904 2.5892422199    2.680  1.889  4.0338  4.064    0  0.000  0.538     0.00     0.00     0.00     0.00     0.00 -1    -1e-30      0.00 7.107e-01 2.745e-01 2.620e-03 7.154e-04 6.497e-03 -1.000 1.476e-02 0.047 0.422 0.394 0.474
0.01471 0.00000 6.50000 2.6955509186 2.5895726681    2.696  1.865  4.0356  4.098    0  0.000  0.538     0.00     0.00     0.00     0.00     0.00 -1    -1e-30      0.00 7.107e-01 2.745e-01 2.620e-03 7.154e-04 6.497e-03 -1.000 1.476e-02 0.107 0.491 0.463 0.544
0.01471 0.00000 6.50000 2.7083313465 2.5898444653    2.709  1.839  4.0349  4.123    0  0.000  0.538     0.00     0.00     0.00     0.00     0.00 -1    -1e-30      0.00 7.107e-01 2.745e-01 2.620e-03 7.154e-04 6.497e-03 -1.000 1.476e-02 0.172 0.552 0.525 0.604
0.01471 0.00000 6.50000 2.7208864689 2.5901088715    2.721  1.813  4.0331  4.144    0  0.000  0.538     0.00     0.00     0.00     0.00     0.00 -1    -1e-30      0.00 7.107e-01 2.745e-01 2.620e-03 7.154e-04 6.497e-03 -1.000 1.476e-02 0.238 0.610 0.583 0.660
0.01471 0.00000 6.50000 2.7346873283 2.5903961658    2.735  1.787  4.0308  4.163    0  0.000  0.538     0.00     0.00     0.00     0.00     0.00 -1    -1e-30      0.00 7.107e-01 2.745e-01 2.620e-03 7.154e-04 6.497e-03 -1.000 1.476e-02 0.302 0.663 0.637 0.711
0.01471 0.00000 6.50000 2.7525384426 2.5907628536    2.753  1.770  4.0296  4.178    0  0.000  0.538     0.00     0.00     0.00     0.00     0.00 -1    -1e-30      0.00 7.107e-01 2.745e-01 2.620e-03 7.154e-04 6.497e-03 -1.000 1.476e-02 0.344 0.699 0.674 0.746
0.01471 0.00000 6.50000 2.7871987820 2.5914595127    2.788  1.756  4.0296  4.198    0  0.000  0.538     0.00     0.00     0.00     0.00     0.00 -1    -1e-30      0.00 7.107e-01 2.745e-01 2.620e-03 7.154e-04 6.497e-03 -1.000 1.476e-02 0.380 0.735 0.710 0.782
0.01471 0.00000 6.50000 2.7999999523 2.5917119980    2.800  1.767  4.0324  4.200    0  0.000  0.538     0.00     0.00     0.00     0.00     0.00 -1    -1e-30      0.00 7.107e-01 2.745e-01 2.620e-03 7.154e-04 6.497e-03 -1.000 1.476e-02 0.353 0.722 0.696 0.771
0.01471 0.00000 6.50000 2.8001987934 2.5917158127    2.801  1.767  4.0325  4.200    0  0.000  0.538     0.00     0.00     0.00     0.00     0.00 -1    -1e-30      0.00 7.107e-01 2.745e-01 2.620e-03 7.154e-04 6.497e-03 -1.000 1.476e-02 0.352 0.722 0.696 0.771
0.01471 0.00000 6.50000 2.8500776291 2.5926737785    2.850  1.835  4.0502  4.211    0  0.000  0.538     0.00     0.00     0.00     0.00     0.00 -1    -1e-30      0.00 7.107e-01 2.745e-01 2.620e-03 7.154e-04 6.497e-03 -1.000 1.476e-02 0.182 0.640 0.607 0.703
0.01471 0.00000 6.50000 2.8802645206 2.5932352543    2.881  1.889  4.0657  4.223    0  0.000  0.538     0.00     0.00     0.00     0.00     0.00 -1    -1e-30      0.00 7.107e-01 2.745e-01 2.620e-03 7.154e-04 6.497e-03 -1.000 1.476e-02 0.048 0.585 0.546 0.658
0.01471 0.00000 6.50000 2.9020297527 2.5936315060    2.902  1.931  4.0790  4.237    0  0.000  0.538     0.00     0.00     0.00     0.00     0.00 -1    -1e-30      0.00 7.107e-01 2.745e-01 2.620e-03 7.154e-04 6.497e-03 -1.000 1.476e-02 -0.059 0.548 0.504 0.629
0.01471 0.00000 6.50000 2.9193305969 2.5939419270    2.920  1.962  4.0897  4.252    0  0.000  0.538     0.00     0.00     0.00     0.00     0.00 -1    -1e-30      0.00 7.107e-01 2.745e-01 2.620e-03 7.154e-04 6.497e-03 -1.000 1.476e-02 -0.135 0.528 0.481 0.615
0.01471 0.00000 6.50000 2.9345607758 2.5942115784    2.935  1.983  4.0981  4.267    0  0.000  0.538     0.00     0.00     0.00     0.00     0.00 -1    -1e-30      0.00 7.107e-01 2.745e-01 2.620e-03 7.154e-04 6.497e-03 -1.000 1.476e-02 -0.189 0.520 0.470 0.612
0.01471 0.00000 6.50000 2.9558851719 2.5945837498    2.956  1.997  4.1061  4.288    0  0.000  0.538     0.00     0.00     0.00     0.00     0.00 -1    -1e-30      0.00 7.107e-01 2.745e-01 2.620e-03 7.154e-04 6.497e-03 -1.000 1.476e-02 -0.222 0.529 0.477 0.627
0.01471 0.00000 6.50000 3.0000000000 2.5953342915    3.000  1.995  4.1145  4.330    0  0.000  0.538     0.00     0.00     0.00     0.00     0.00 -1    -1e-30      0.00 7.107e-01 2.745e-01 2.620e-03 7.154e-04 6.497e-03 -1.000 1.476e-02 -0.217 0.581 0.526 0.683
0.01471 0.00000 6.50000 3.0029568672 2.5953836441    3.003  1.995  4.1151  4.333    0  0.000  0.538     0.00     0.00     0.00     0.00     0.00 -1    -1e-30      0.00 7.107e-01 2.745e-01 2.620e-03 7.154e-04 6.497e-03 -1.000 1.476e-02 -0.217 0.585 0.530 0.687
0.01471 0.00000 6.50000 3.0359869003 2.5959281921    3.036  1.983  4.1159  4.353    0  0.000  0.538     0.00     0.00     0.00     0.00     0.00 -1    -1e-30      0.00 7.107e-01 2.745e-01 2.620e-03 7.154e-04 6.497e-03 -1.000 1.476e-02 -0.188 0.619 0.564 0.722
0.01471 0.00000 6.50000 3.0957424641 2.5968792439    3.096  1.995  4.1185  4.360    0  0.000  0.538     0.00     0.00     0.00     0.00     0.00 -1    -1e-30      0.00 7.107e-01 2.745e-01 2.620e-03 7.154e-04 6.497e-03 -1.000 1.476e-02 -0.217 0.605 0.549 0.709
0.01471 0.00000 6.50000 3.1752586365 2.5980811119    3.175  2.016  4.1227  4.366    0  0.000  0.538     0.00     0.00     0.00     0.00     0.00 -1    -1e-30      0.00 7.107e-01 2.745e-01 2.620e-03 7.154e-04 6.497e-03 -1.000 1.476e-02 -0.271 0.574 0.517 0.681
0.01471 0.00000 6.50000 3.2000000477 2.5984411240    3.199  2.029  4.1250  4.366    0  0.000  0.538     0.00     0.00     0.00     0.00     0.00 -1    -1e-30      0.00 7.107e-01 2.745e-01 2.620e-03 7.154e-04 6.497e-03 -1.000 1.476e-02 -0.303 0.555 0.497 0.663
0.01471 0.00000 6.50000 3.4000000954 2.6011312008    3.398  2.128  4.1424  4.362    0  0.000  0.538     0.00     0.00     0.00     0.00     0.00 -1    -1e-30      0.00 7.107e-01 2.745e-01 2.620e-03 7.154e-04 6.497e-03 -1.000 1.476e-02 -0.551 0.404 0.341 0.522
0.01471 0.00000 6.50000 3.5999999046 2.6034805775    3.598  2.221  4.1585  4.359    0  0.000  0.538     0.00     0.00     0.00     0.00     0.00 -1    -1e-30      0.00 7.107e-01 2.745e-01 2.620e-03 7.154e-04 6.497e-03 -1.000 1.476e-02 -0.783 0.264 0.196 0.391
0.01471 0.00000 6.50000 3.7999999523 2.6055479050    3.798  2.309  4.1735  4.355    0  0.000  0.538     0.00     0.00     0.00     0.00     0.00 -1    -1e-30      0.00 7.107e-01 2.745e-01 2.620e-03 7.154e-04 6.497e-03 -1.000 1.476e-02 -1.002 0.132 0.059 0.267
0.01471 0.00000 6.50000 4.0000000000 2.6073791981    4.001  2.391  4.1876  4.352    0  0.000  0.538     0.00     0.00     0.00     0.00     0.00 -1    -1e-30      0.00 7.107e-01 2.745e-01 2.620e-03 7.154e-04 6.497e-03 -1.000 1.476e-02 -1.207 0.009 -0.067 0.152
0.01471 0.00000 6.50000 4.1999998093 2.6090114117    4.198  2.469  4.2009  4.348    0  0.000  0.538     0.00     0.00     0.00     0.00     0.00 -1    -1e-30      0.00 7.107e-01 2.745e-01 2.620e-03 7.154e-04 6.497e-03 -1.000 1.476e-02 -1.402 -0.108 -0.188 0.042
0.01471 0.00000 6.50000 4.4000000954 2.6104743481    4.397  2.543  4.2132  4.343    0  0.000  0.538     0.00     0.00     0.00     0.00     0.00 -1    -1e-30      0.00 7.107e-01 2.745e-01 2.620e-03 7.154e-04 6.497e-03 -1.000 1.476e-02 -1.586 -0.220 -0.304 -0.063
0.01471 0.00000 6.50000 4.5999999046 2.6117916107    4.597  2.613  4.2249  4.339    0  0.000  0.538     0.00     0.00     0.00     0.00     0.00 -1    -1e-30      0.00 7.107e-01 2.745e-01 2.620e-03 7.154e-04 6.497e-03 -1.000 1.476e-02 -1.762 -0.326 -0.414 -0.163
0.01471 0.00000 6.50000 4.8000001907 2.6129837036    4.798  2.680  4.2362  4.336    1  0.000  0.538     0.00     0.00     0.00     0.00     0.00 -1    -1e-30      0.00 7.107e-01 2.745e-01 2.620e-03 7.154e-04 6.497e-03 -1.000 1.476e-02 -1.931 -0.428 -0.519 -0.258
0.01471 0.00000 6.50000 5.0000000000 2.6140668392    4.999  2.743  4.2463  4.331    1  0.000  0.538     0.00     0.00     0.00     0.00     0.00 -1    -1e-30      0.00 7.107e-01 2.745e-01 2.620e-03 7.154e-04 6.497e-03 -1.000 1.476e-02 -2.089 -0.527 -0.621 -0.351
0.01471 0.00000 6.50000 5.1999998093 2.6150546074    5.200  2.804  4.2560  4.326    1  0.000  0.538     0.00     0.00     0.00     0.00     0.00 -1    -1e-30      0.00 7.107e-01 2.745e-01 2.620e-03 7.154e-04 6.497e-03 -1.000 1.476e-02 -2.241 -0.622 -0.719 -0.441
0.01471 0.00000 6.50000 5.3999996185 2.6159586906    5.401  2.863  4.2656  4.322    0  0.000  0.538     0.00     0.00     0.00     0.00     0.00 -1    -1e-30      0.00 7.107e-01 2.745e-01 2.620e-03 7.154e-04 6.497e-03 -1.000 1.476e-02 -2.387 -0.712 -0.812 -0.526
0.01471 0.00000 6.50000 5.5999994278 2.6167888641    5.601  2.920  4.2750  4.319    1  0.000  0.538     0.00     0.00     0.00     0.00     0.00 -1    -1e-30      0.00 7.107e-01 2.745e-01 2.620e-03 7.154e-04 6.497e-03 -1.000 1.476e-02 -2.529 -0.799 -0.901 -0.607
0.01471 0.00000 6.50000 5.8000001907 2.6175537109    5.801  2.973  4.2833  4.314    1  0.000  0.538     0.00     0.00     0.00     0.00     0.00 -1    -1e-30      0.00 7.107e-01 2.745e-01 2.620e-03 7.154e-04 6.497e-03 -1.000 1.476e-02 -2.662 -0.885 -0.989 -0.688
0.01471 0.00000 6.50000 6.0000000000 2.6182601452    6.000  3.025  4.2912  4.308    1  0.000  0.538     0.00     0.00     0.00     0.00     0.00 -1    -1e-30      0.00 7.107e-01 2.745e-01 2.620e-03 7.154e-04 6.497e-03 -1.000 1.476e-02 -2.792 -0.969 -1.075 -0.767
0.01471 0.00000 6.50000 6.1999998093 2.6189143658    6.200  3.075  4.2995  4.305    0  0.000  0.538     0.00     0.00     0.00     0.00     0.00 -1    -1e-30      0.00 7.107e-01 2.745e-01 2.620e-03 7.154e-04 6.497e-03 -1.000 1.476e-02 -2.918 -1.047 -1.156 -0.841
0.01471 0.00000 6.50000 6.4000000954 2.6195218563    6.399  3.123  4.3067  4.300    1  0.000  0.538     0.00     0.00     0.00     0.00     0.00 -1    -1e-30      0.00 7.107e-01 2.745e-01 2.620e-03 7.154e-04 6.497e-03 -1.000 1.476e-02 -3.038 -1.125 -1.237 -0.915
0.01471 0.00000 6.50000 7.0000000000 2.6211071014    6.996  3.258  4.3274  4.286    1  0.000  0.538     0.00     0.00     0.00     0.00     0.00 -1    -1e-30      0.00 7.107e-01 2.745e-01 2.620e-03 7.154e-04 6.497e-03 -1.000 1.476e-02 -3.375 -1.345 -1.462 -1.124
0.01471 0.00000 6.50000 7.3849339485 2.6219696999    7.383  3.338  4.3397  4.279    1  0.000  0.538     0.00     0.00     0.00     0.00     0.00 -1    -1e-30      0.00 7.107e-01 2.745e-01 2.620e-03 7.154e-04 6.497e-03 -1.000 1.476e-02 -3.574 -1.475 -1.596 -1.247
0.01471 0.00000 6.50000 8.0000000000 2.6231517792    8.001  3.457  4.3582  4.268    1  0.000  0.538     0.00     0.00     0.00     0.00     0.00 -1    -1e-30      0.00 7.107e-01 2.745e-01 2.620e-03 7.154e-04 6.497e-03 -1.000 1.476e-02 -3.874 -1.673 -1.797 -1.435
0.01471 0.00000 6.50000 8.1896724701 2.6234753132    8.189  3.492  4.3632  4.264    1  0.000  0.538     0.00     0.00     0.00     0.00     0.00 -1    -1e-30      0.00 7.107e-01 2.745e-01 2.620e-03 7.154e-04 6.497e-03 -1.000 1.476e-02 -3.959 -1.730 -1.856 -1.490
0.01471 0.00000 6.50000 9.0000000000 2.6246831417    8.995  3.631  4.3841  4.250    1  0.000  0.538     0.00     0.00     0.00     0.00     0.00 -1    -1e-30      0.00 7.107e-01 2.745e-01 2.620e-03 7.154e-04 6.497e-03 -1.000 1.476e-02 -4.307 -1.964 -2.095 -1.714
0.01471 0.00000 6.50000 10.0000000000 2.6258678436    9.998  3.784  4.4067  4.233    1  0.000  0.538     0.00     0.00     0.00     0.00     0.00 -1    -1e-30      0.00 7.107e-01 2.745e-01 2.620e-03 7.154e-04 6.497e-03 -1.000 1.476e-02 -4.690 -2.185 -2.324 -1.930
0.01471 0.00000 6.50000 10.3800611496 2.6262497902   10.380  3.837  4.4144  4.227    1  0.000  0.538     0.00     0.00     0.00     0.00     0.00 -1    -1e-30      0.00 7.107e-01 2.745e-01 2.620e-03 7.154e-04 6.497e-03 -1.000 1.476e-02 -4.823 -2.272 -2.413 -2.009
0.01471 0.00000 6.50000 11.0000000000 2.6268081665   11.001  3.921  4.4265  4.217    1  0.000  0.538     0.00     0.00     0.00     0.00     0.00 -1    -1e-30      0.00 7.107e-01 2.745e-01 2.620e-03 7.154e-04 6.497e-03 -1.000 1.476e-02 -5.032 -2.413 -2.558 -2.140
0.01471 0.00000 6.50000 12.0000000000 2.6275708675   12.001  4.044  4.4441  4.201    1  0.000  0.538     0.00     0.00     0.00     0.00     0.00 -1    -1e-30      0.00 7.107e-01 2.745e-01 2.620e-03 7.154e-04 6.497e-03 -1.000 1.476e-02 -5.341 -2.675 -2.819 -2.407
0.01471 0.00000 6.50000 13.2071285248 2.6283166409   13.196  4.177  4.4625  4.183    1  0.000  0.542     0.00     0.00     0.00     0.00     0.00 -1 -2.49e-17      0.00 7.107e-01 2.745e-01 2.641e-03 7.159e-04 6.496e-03 -1.000 1.476e-02 -5.673 -2.906 -3.057 -2.624
0.01471 0.00000 6.50000 14.0000000000 2.6287269592   13.982  4.259  4.4736  4.171    0  0.000  0.545     0.00     0.00     0.00     0.00     0.00 -1 -3.58e-09      0.00 7.107e-01 2.745e-01 2.655e-03 7.163e-04 6.496e-03 -1.000 1.476e-02 -5.876 -3.036 -3.192 -2.737
0.01471 0.00000 6.50000 15.4241542816 2.6293437481   15.403  4.390  4.4910  4.152    0  0.000  0.545     0.00     0.00     0.00     0.00     0.00 -1 -7.09e-09      0.00 7.107e-01 2.745e-01 2.655e-03 7.163e-04 6.496e-03 -1.000 1.476e-02 -6.205 -3.286 -3.446 -2.981
0.01471 0.00000 6.50000 16.0000000000 2.6295573711   15.977  4.440  4.4976  4.144    0  0.000  0.545     0.00     0.00     0.00     0.00     0.00 -1 -9.19e-09      0.00 7.107e-01 2.745e-01 2.655e-03 7.163e-04 6.496e-03 -1.000 1.476e-02 -6.330 -3.384 -3.545 -3.076
0.01471 0.00000 6.50000 16.2645435333 2.6296498775   16.236  4.462  4.5003  4.140    0  0.000  0.545     0.00     0.00     0.00     0.00     0.00 -1 -1.02e-08      0.00 7.107e-01 2.745e-01 2.655e-03 7.163e-04 6.496e-03 -1.000 1.476e-02 -6.384 -3.426 -3.587 -3.118
0.01471 0.00000 6.50000 17.7973003387 2.6301236153   17.737  4.581  4.5150  4.117    0  0.000  0.545     0.00     0.00     0.00     0.00     0.00 -1 -1.84e-08      0.00 7.107e-01 2.745e-01 2.655e-03 7.163e-04 6.496e-03 -1.000 1.476e-02 -6.683 -3.648 -3.809 -3.341
0.01471 0.00000 6.50000 18.0000000000 2.6301794052   17.937  4.596  4.5168  4.114    0  0.000  0.545     0.00     0.00     0.00     0.00     0.00 -1 -1.99e-08      0.00 7.107e-01 2.745e-01 2.655e-03 7.163e-04 6.496e-03 -1.000 1.476e-02 -6.721 -3.676 -3.837 -3.370
0.01471 0.00000 6.50000 19.2490921021 2.6304934025   19.164  4.683  4.5269  4.097    0  0.000  0.545     0.00     0.00     0.00     0.00     0.00 -1    -3e-08      0.00 7.107e-01 2.745e-01 2.655e-03 7.163e-04 6.496e-03 -1.000 1.476e-02 -6.938 -3.835 -3.996 -3.530
0.01471 0.00000 6.50000 20.0000000000 2.6306605339   19.899  4.733  4.5325  4.086    0  0.000  0.545     0.00     0.00     0.00     0.00     0.00 -1 -3.78e-08      0.00 7.107e-01 2.745e-01 2.655e-03 7.163e-04 6.496e-03 -1.000 1.476e-02 -7.062 -3.924 -4.086 -3.618
0.01471 0.00000 6.50000 20.7894611359 2.6308214664   20.665  4.780  4.5376  4.075    0  0.000  0.545     0.00     0.00     0.00     0.00     0.00 -1 -4.68e-08      0.00 7.107e-01 2.745e-01 2.655e-03 7.163e-04 6.496e-03 -1.000 1.476e-02 -7.181 -4.013 -4.176 -3.706
0.01471 0.00000 6.50000 22.4465732574 2.6311171055   22.262  4.875  4.5474  4.052    0  0.000  0.545     0.00     0.00     0.00     0.00     0.00 -1 -7.22e-08      0.00 7.107e-01 2.745e-01 2.655e-03 7.163e-04 6.496e-03 -1.000 1.476e-02 -7.419 -4.198 -4.362 -3.886
0.01471 0.00000 6.50000 24.0000000000 2.6313521862   23.746  4.959  4.5554  4.029    0  0.000  0.545     0.00     0.00     0.00     0.00     0.00 -1 -1.06e-07      0.00 7.107e-01 2.745e-01 2.655e-03 7.163e-04 6.496e-03 -1.000 1.476e-02 -7.627 -4.362 -4.532 -4.036
0.01471 0.00000 6.50000 25.0336418152 2.6314899921   24.712  5.008  4.5597  4.014    0  0.000  0.545     0.00     0.00     0.00     0.00     0.00 -1 -1.31e-07      0.00 7.107e-01 2.745e-01 2.655e-03 7.163e-04 6.496e-03 -1.000 1.476e-02 -7.750 -4.467 -4.636 -4.140
0.01471 0.00000 6.50000 26.8385734558 2.6317019463   26.383  5.090  4.5659  3.985    0  0.000  0.545     0.00     0.00     0.00     0.00     0.00 -1 -1.86e-07      0.00 7.107e-01 2.745e-01 2.655e-03 7.163e-04 6.496e-03 -1.000 1.476e-02 -7.955 -4.646 -4.815 -4.321
0.01471 0.00000 6.50000 28.0000000000 2.6318216324   27.449  5.140  4.5693  3.966    0  0.000  0.545     0.00     0.00     0.00     0.00     0.00 -1  -2.3e-07      0.00 7.107e-01 2.745e-01 2.655e-03 7.163e-04 6.496e-03 -1.000 1.476e-02 -8.080 -4.760 -4.928 -4.436
0.01471 0.00000 6.50000 28.0678691864 2.6318283081   27.510  5.143  4.5694  3.965    0  0.000  0.545     0.00     0.00     0.00     0.00     0.00 -1 -2.33e-07      0.00 7.107e-01 2.745e-01 2.655e-03 7.163e-04 6.496e-03 -1.000 1.476e-02 -8.087 -4.766 -4.934 -4.443
0.01471 0.00000 6.50000 29.9305934906 2.6319973469   29.184  5.215  4.5732  3.933    0  0.000  0.545     0.00     0.00     0.00     0.00     0.00 -1 -3.16e-07      0.00 7.107e-01 2.745e-01 2.655e-03 7.163e-04 6.496e-03 -1.000 1.476e-02 -8.268 -4.939 -5.105 -4.620
0.01471 0.00000 6.50000 30.0000000000 2.6320033073   29.249  5.218  4.5733  3.932    0  0.000  0.545     0.00     0.00     0.00     0.00     0.00 -1 -3.19e-07      0.00 7.107e-01 2.745e-01 2.655e-03 7.163e-04 6.496e-03 -1.000 1.476e-02 -8.274 -4.945 -5.111 -4.627
0.01471 0.00000 6.50000 31.4365139008 2.6321172714   30.517  5.268  4.5750  3.907    0  0.000  0.545     0.00     0.00     0.00     0.00     0.00 -1 -3.93e-07      0.00 7.107e-01 2.745e-01 2.655e-03 7.163e-04 6.496e-03 -1.000 1.476e-02 -8.400 -5.071 -5.236 -4.756
0.01471 0.00000 6.50000 33.4357299805 2.6322577000   32.252  5.334  4.5764  3.870    0  0.000  0.545     0.00     0.00     0.00     0.00     0.00 -1 -5.13e-07      0.00 7.107e-01 2.745e-01 2.655e-03 7.163e-04 6.496e-03 -1.000 1.476e-02 -8.566 -5.242 -5.405 -4.932
0.01471 0.00000 6.50000 35.0000000000 2.6323544979   33.587  5.384  4.5766  3.839    0  0.000  0.545     0.00     0.00     0.00     0.00     0.00 -1 -6.26e-07      0.00 7.107e-01 2.745e-01 2.655e-03 7.163e-04 6.496e-03 -1.000 1.476e-02 -8.689 -5.377 -5.539 -5.072
0.01471 0.00000 6.50000 36.7455749512 2.6324517727   35.036  5.433  4.5753  3.803    0  0.000  0.545     0.00     0.00     0.00     0.00     0.00 -1 -7.52e-07      0.00 7.107e-01 2.745e-01 2.655e-03 7.163e-04 6.496e-03 -1.000 1.476e-02 -8.812 -5.523 -5.683 -5.222
0.01471 0.00000 6.50000 38.9969978333 2.6325621605   36.860  5.493  4.5721  3.752    0  0.000  0.545     0.00     0.00     0.00     0.00     0.00 -1 -9.46e-07      0.00 7.107e-01 2.745e-01 2.655e-03 7.163e-04 6.496e-03 -1.000 1.476e-02 -8.963 -5.711 -5.868 -5.415
0.01471 0.00000 6.50000 40.0000000000 2.6326069832   37.661  5.519  4.5703  3.728    0  0.000  0.545     0.00     0.00     0.00     0.00     0.00 -1 -1.04e-06      0.00 7.107e-01 2.745e-01 2.655e-03 7.163e-04 6.496e-03 -1.000 1.476e-02 -9.028 -5.683 -5.846 -5.375
0.01471 0.00000 6.50000 40.5298614502 2.6326293945   38.078  5.532  4.5691  3.716    0  0.000  0.545     0.00     0.00     0.00     0.00     0.00 -1 -1.09e-06      0.00 7.107e-01 2.745e-01 2.655e-03 7.163e-04 6.496e-03 -1.000 1.476e-02 -9.059 -5.724 -5.887 -5.416
0.01471 0.00000 6.50000 43.8974342346 2.6327583790   40.669  5.609  4.5592  3.627    0  0.000  0.545     0.00     0.00     0.00     0.00     0.00 -1 -1.41e-06      0.00 7.107e-01 2.745e-01 2.655e-03 7.163e-04 6.496e-03 -1.000 1.476e-02 -9.252 -5.990 -6.151 -5.687
0.01471 0.00000 6.50000 45.0000000000 2.6327958107   41.496  5.633  4.5548  3.594    0  0.000  0.545     0.00     0.00     0.00     0.00     0.00 -1 -1.52e-06      0.00 7.107e-01 2.745e-01 2.655e-03 7.163e-04 6.496e-03 -1.000 1.476e-02 -9.312 -6.081 -6.241 -5.778
0.01471 0.00000 6.50000 47.1425476074 2.6328628063   43.063  5.676  4.5450  3.528    0  0.000  0.545     0.00     0.00     0.00     0.00     0.00 -1 -1.73e-06      0.00 7.107e-01 2.745e-01 2.655e-03 7.163e-04 6.496e-03 -1.000 1.476e-02 -9.420 -6.259 -6.417 -5.965
0.01471 0.00000 6.50000 49.1722984314 2.6329202652   44.515  5.715  4.5333  3.456    0  0.000  0.545     0.00     0.00     0.00     0.00     0.00 -1  -1.9e-06      0.00 7.107e-01 2.745e-01 2.655e-03 7.163e-04 6.496e-03 -1.000 1.476e-02 -9.519 -6.458 -6.610 -6.181
0.01471 0.00000 6.50000 50.0000000000 2.6329421997   45.098  5.731  4.5278  3.424    0  0.000  0.545     0.00     0.00     0.00     0.00     0.00 -1 -1.96e-06      0.00 7.107e-01 2.745e-01 2.655e-03 7.163e-04 6.496e-03 -1.000 1.476e-02 -9.558 -6.551 -6.698 -6.285
0.01471 0.00000 6.50000 51.3418312073 2.6329758167   46.035  5.755  4.5180  3.370    0  0.000  0.545     0.00     0.00     0.00     0.00     0.00 -1 -2.04e-06      0.00 7.107e-01 2.745e-01 2.655e-03 7.163e-04 6.496e-03 -1.000 1.476e-02 -9.617 -6.695 -6.839 -6.439
0.01471 0.00000 6.50000 53.1318092346 2.6330177784   47.273  5.786  4.5034  3.292    0  0.000  0.545     0.00     0.00     0.00     0.00     0.00 -1 -2.08e-06      0.00 7.107e-01 2.745e-01 2.655e-03 7.163e-04 6.496e-03 -1.000 1.476e-02 -9.695 -6.876 -7.020 -6.618
0.01471 0.00000 6.50000 54.9052314758 2.6330561638   48.492  5.816  4.4873  3.209    0  0.000  0.545     0.00     0.00     0.00     0.00     0.00 -1 -2.06e-06      0.00 7.107e-01 2.745e-01 2.655e-03 7.163e-04 6.496e-03 -1.000 1.476e-02 -9.769 -7.045 -7.186 -6.794
0.01471 0.00000 6.50000 55.0000000000 2.6330580711   48.556  5.817  4.4864  3.204    0  0.000  0.545     0.00     0.00     0.00     0.00     0.00 -1 -2.06e-06      0.00 7.107e-01 2.745e-01 2.655e-03 7.163e-04 6.496e-03 -1.000 1.476e-02 -9.773 -7.054 -7.194 -6.804
0.01471 0.00000 6.50000 56.3993568420 2.6330864429   49.514  5.839  4.4721  3.134    0  0.000  0.545     0.00     0.00     0.00     0.00     0.00 -1    -2e-06      0.00 7.107e-01 2.745e-01 2.654e-03 7.163e-04 6.496e-03 -1.000 1.476e-02 -9.829 -7.192 -7.329 -6.949
0.01471 0.00000 6.50000 58.0016822815 2.6331169605   50.614  5.865  4.4535  3.044    0  0.000  0.545     0.00     0.00     0.00     0.00     0.00 -1 -1.87e-06      0.00 7.107e-01 2.745e-01 2.654e-03 7.163e-04 6.496e-03 -1.000 1.476e-02 -9.892 -7.359 -7.497 -7.114
0.01471 0.00000 6.50000 59.3282051086 2.6331405640   51.521  5.885  4.4363  2.962    0  0.000  0.545     0.00     0.00     0.00     0.00     0.00 -1  -1.8e-06      0.00 7.107e-01 2.745e-01 2.654e-03 7.163e-04 6.496e-03 -1.000 1.476e-02 -9.943 -7.507 -7.646 -7.261
0.01471 0.00000 6.50000 60.0000000000 2.6331522465   51.973  5.895  4.4269  2.918    0  0.000  0.545     0.00     0.00     0.00     0.00     0.00 -1 -1.88e-06      0.00 7.107e-01 2.745e-01 2.654e-03 7.163e-04 6.496e-03 -1.000 1.476e-02 -9.968 -7.584 -7.722 -7.336
0.01471 0.00000 6.50000 61.2269592285 2.6331727505   52.563  5.912  4.4073  2.828    0  0.000  0.530     0.00     0.00     0.00     0.00     0.00 -1  -3.8e-06      0.00 7.097e-01 2.756e-01 2.566e-03 9.463e-04 6.350e-03 -1.000 1.476e-02 -10.010 -7.760 -7.889 -7.534
0.01471 0.00000 6.50000 62.4945755005 2.6331927776   52.902  5.928  4.3834  2.719    0  0.000  0.515     0.00     0.00     0.00     0.00     0.00 -1 -7.73e-06      0.00 7.074e-01 2.778e-01 2.460e-03 1.247e-03 6.149e-03 -1.000 1.475e-02 -10.051 -7.939 -8.063 -7.726
0.01471 0.00000 6.50000 63.4745521545 2.6332077980   52.958  5.940  4.3619  2.621    0  0.000  0.506     0.00     0.00     0.00     0.00     0.00 -1 -2.05e-05      0.00 7.048e-01 2.804e-01 2.384e-03 1.478e-03 5.984e-03 -1.000 1.474e-02 -10.080 -8.105 -8.220 -7.916
0.01471 0.00000 6.50000 64.3139266968 2.6332199574   52.920  5.950  4.3415  2.530    0  0.000  0.501     0.00     0.00     0.00     0.00     0.00 -1 -2.05e-05      0.00 7.020e-01 2.832e-01 2.320e-03 1.686e-03 5.830e-03 -1.000 1.474e-02 -10.104 -8.264 -8.377 -8.078
0.01471 0.00000 6.50000 65.0000000000 2.6332299709   52.890  5.958  4.3240  2.452    0  0.000  0.497     0.00     0.00     0.00     0.00     0.00 -1 -2.05e-05      0.00 6.994e-01 2.859e-01 2.268e-03 1.863e-03 5.695e-03 -1.000 1.473e-02 -10.124 -8.378 -8.485 -8.203
0.01471 0.00000 6.50000 65.0717773438 2.6332309246   52.886  5.959  4.3222  2.444    0  0.000  0.493     0.00     0.00     0.00     0.00     0.00 -1 -2.05e-05      0.00 6.990e-01 2.863e-01 2.242e-03 1.924e-03 5.660e-03 -1.000 1.473e-02 -10.126 -8.387 -8.494 -8.212
0.01471 0.00000 6.50000 65.6455078125 2.6332390308   52.856  5.965  4.3083  2.381    0  0.000  0.443     0.00     0.00     0.00     0.00     0.00 -1 -2.04e-05      0.00 6.951e-01 2.902e-01 1.973e-03 2.574e-03 5.279e-03 -1.000 1.472e-02 -10.143 -8.458 -8.564 -8.286
0.01471 0.00000 6.50000 66.2179794312 2.6332468987   52.821  5.972  4.2957  2.324    0  0.000  0.398     0.00     0.00     0.00     0.00     0.00 -1 -2.05e-05      0.00 6.900e-01 2.953e-01 1.715e-03 3.292e-03 4.807e-03 -1.000 1.470e-02 -10.160 -8.370 -8.481 -8.171
0.01471 0.00000 6.50000 66.7882537842 2.6332545280   52.785  5.979  4.2847  2.273    0  0.000  0.355     0.00     0.00     0.00     0.00     0.00 -1 -2.07e-05      0.00 6.837e-01 3.016e-01 1.460e-03 4.085e-03 4.243e-03 -1.000 1.467e-02 -10.176 -8.458 -8.564 -8.272
0.01471 0.00000 6.50000 67.3588104248 2.6332619190   52.426  5.984  4.2836  2.259    0  0.000  0.334     0.00     0.00     0.00     0.00     0.00 -1 -2.14e-05      0.00 6.691e-01 3.163e-01 1.211e-03 5.125e-03 3.391e-03 -1.000 1.464e-02 -10.191 -8.479 -8.585 -8.294
0.01471 0.00000 6.50000 67.6612548828 2.6332659721   52.297  5.987  4.2806  2.243    0  0.000  0.317     0.00     0.00     0.00     0.00     0.00 -1 -2.51e-05      0.00 6.632e-01 3.221e-01 1.051e-03 5.604e-03 3.060e-03 -1.000 1.463e-02 -10.199 -8.506 -8.611 -8.325
0.01471 0.00000 6.50000 67.7623443604 2.6332671642   52.227  5.988  4.2805  2.241    0  0.000  0.288     0.00     0.00     0.00     0.00     0.00 -1 -2.63e-05      0.00 6.604e-01 3.250e-01 8.702e-04 6.054e-03 2.792e-03 -1.000 1.463e-02 -10.201 -8.509 -8.614 -8.328
0.01471 0.00000 6.50000 67.8495407104 2.6332683563   52.115  5.989  4.2796  2.236    0  0.000  0.286     0.00     0.00     0.00     0.00     0.00 -1 -2.89e-05      0.00 6.582e-01 3.271e-01 8.376e-04 6.209e-03 2.657e-03 -1.000 1.462e-02 -10.203 -8.516 -8.621 -8.336
0.01471 0.00000 6.50000 68.0238800049 2.6332705021   51.927  5.991  4.2782  2.228    0  0.000  0.282     0.00     0.00     0.00     0.00     0.00 -1 -4.41e-05      0.00 6.541e-01 3.313e-01 7.727e-04 6.473e-03 2.441e-03 -1.000 1.460e-02 -10.206 -8.527 -8.632 -8.348
0.01471 0.00000 6.50000 68.7769241333 2.6332800388   50.965  5.997  4.3018  2.308    0  0.000  0.242     0.00     0.00     0.00     0.00     0.00 -1  -3.6e-05      0.00 6.158e-01 3.698e-01 8.456e-05 8.899e-03 6.113e-04 -1.000 1.448e-02 -10.223 -7.956 -8.089 -7.731
0.01471 0.00000 6.50000 70.0000000000 2.6332950592   50.896  6.011  4.3046  2.304    0  0.000  0.379     0.00     0.00     0.00     0.00     0.00 -1  -2.7e-05      0.00 5.860e-01 3.996e-01 8.705e-05 9.120e-03 3.571e-04 -1.000 1.444e-02 -10.259 -7.991 -8.125 -7.764
0.01471 0.00000 6.50000 71.7629165649 2.6333153248   50.482  6.029  4.3242  2.361    0  0.000  0.587     0.00     0.00     0.00     0.00     0.00 -1 -2.79e-05      0.00 5.363e-01 4.493e-01 8.915e-05 9.244e-03 2.157e-04 -1.000 1.445e-02 -10.302 -8.034 -8.168 -7.808
0.01471 0.00000 6.50000 71.9230346680 2.6333172321   49.883  6.029  4.3454  2.441    0  0.000  0.686     0.00     0.00     0.00     0.00     0.00 -1 -2.95e-05      0.00 5.165e-01 4.690e-01 8.964e-05 9.277e-03 1.782e-04 -1.000 1.445e-02 -10.302 -8.035 -8.168 -7.809
0.01471 0.00000 6.50000 76.4166564941 2.6333642006   49.300  6.073  4.4052  2.630    0  0.000  0.924     0.00     0.00     0.00     0.00     0.00 -1 -1.13e-05      0.00 4.042e-01 5.814e-01 9.294e-05 9.318e-03 1.344e-04 -1.000 1.444e-02 -10.413 -8.077 -8.214 -7.843
0.01471 0.00000 6.50000 79.0009231567 2.6333885193   49.621  6.100  4.4321  2.714    0  0.000  0.971     0.00     0.00     0.00     0.00     0.00 -1 -7.54e-06      0.00 3.594e-01 6.262e-01 9.464e-05 9.322e-03 1.301e-04 -1.000 1.444e-02 -10.479 -8.039 -8.181 -7.792
0.01471 0.00000 6.50000 80.0000000000 2.6333973408   49.871  6.110  4.4399  2.737    0  0.000  0.984     0.00     0.00     0.00     0.00     0.00 -1 -5.79e-06      0.00 3.462e-01 6.393e-01 9.525e-05 9.322e-03 1.292e-04 -1.000 1.444e-02 -10.506 -8.039 -8.182 -7.788
0.01471 0.00000 6.50000 80.0097579956 2.6333975792   49.875  6.110  4.4399  2.737    0  0.000  0.984     0.00     0.00     0.00     0.00     0.00 -1 -5.78e-06      0.00 3.462e-01 6.394e-01 9.526e-05 9.322e-03 1.292e-04 -1.000 1.444e-02 -10.506 -8.039 -8.182 -7.788
0.01471 0.00000 6.50000 81.0727615356 2.6334066391   50.281  6.122  4.4415  2.735    0  0.000  0.994     0.00     0.00     0.00     0.00     0.00 -1 -6.15e-06      0.00 3.385e-01 6.471e-01 9.571e-05 9.323e-03 1.286e-04 -1.000 1.446e-02 -10.535 -8.063 -8.206 -7.810
0.01471 0.00000 6.50000 81.9025344849 2.6334137917   50.600  6.131  4.4433  2.736    0  0.000  1.001     0.00     0.00     0.00     0.00     0.00 -1 -6.48e-06      0.00 3.329e-01 6.526e-01 9.605e-05 9.324e-03 1.281e-04 -1.000 1.445e-02 -10.557 -8.079 -8.223 -7.826
0.01471 0.00000 6.50000 82.8877868652 2.6334216595   51.004  6.142  4.4454  2.737    0  0.000  1.009     0.00     0.00     0.00     0.00     0.00 -1 -6.88e-06      0.00 3.268e-01 6.588e-01 9.645e-05 9.324e-03 1.276e-04  5.263 1.444e-02 -10.584 -8.099 -8.243 -7.845
0.01471 0.00000 6.50000 84.1366577148 2.6334316730   51.579  6.156  4.4503  2.748    0  0.000  1.018     0.00     0.00     0.00     0.00     0.00 -1 -7.62e-06      0.00 3.207e-01 6.649e-01 9.692e-05 9.325e-03 1.271e-04  5.611 1.444e-02 -10.619 -8.118 -8.263 -7.862
0.01471 0.00000 6.50000 85.4665985107 2.6334419250   52.279  6.172  4.4675  2.806    0  0.000  1.025     0.00     0.00     0.00     0.00     0.00 -1 -9.49e-06      0.00 3.170e-01 6.686e-01 9.733e-05 9.325e-03 1.267e-04  5.778 1.444e-02 -10.660 -8.058 -8.206 -7.795
0.01471 0.00000 6.50000 85.6694030762 2.6334433556   52.393  6.175  4.4802  2.855    0  0.000  1.026     0.00     0.00     0.00     0.00     0.00 -1 -1.07e-05      0.00 3.168e-01 6.687e-01 9.738e-05 9.325e-03 1.267e-04  5.794 1.445e-02 -10.668 -7.992 -8.141 -7.724
0.01471 0.00000 6.50000 85.7824630737 2.6334443092   52.453  6.178  4.4936  2.906    0  0.000  1.027     0.00     0.00     0.00     0.00     0.00 -1 -1.21e-05      0.00 3.167e-01 6.688e-01 9.741e-05 9.325e-03 1.267e-04  5.802 1.446e-02 -10.675 -7.920 -8.071 -7.647
0.01471 0.00000 6.50000 85.8505554199 2.6334447861   52.488  6.180  4.5066  2.956    0  0.000  1.027     0.00     0.00     0.00     0.00     0.00 -1 -1.33e-05      0.00 3.166e-01 6.689e-01 9.742e-05 9.326e-03 1.266e-04  5.808 1.445e-02 -10.680 -7.845 -7.998 -7.569
0.01471 0.00000 6.50000 85.8938140869 2.6334450245   52.509  6.182  4.5194  3.006    0  0.000  1.027     0.00     0.00     0.00     0.00     0.00 -1 -1.47e-05      0.00 3.166e-01 6.690e-01 9.744e-05 9.326e-03 1.266e-04  5.811 1.444e-02 -10.685 -7.766 -7.920 -7.488
0.01471 0.00000 6.50000 85.9248046875 2.6334452629   52.523  6.184  4.5333  3.059    0  0.000  1.027     0.00     0.00     0.00     0.00     0.00 -1 -1.61e-05      0.00 3.166e-01 6.690e-01 9.745e-05 9.326e-03 1.266e-04  5.813 1.444e-02 -10.690 -7.682 -7.836 -7.401
0.01471 0.00000 6.50000 85.9408569336 2.6334455013   52.531  6.186  4.5438  3.100    0  0.000  1.027     0.00     0.00     0.00     0.00     0.00 -1 -1.71e-05      0.00 3.166e-01 6.690e-01 9.745e-05 9.326e-03 1.266e-04  5.814 1.444e-02 -10.694 -7.617 -7.772 -7.335
0.01471 0.00000 6.50000 85.9557342529 2.6334455013   52.538  6.188  4.5583  3.156    0  0.000  1.027     0.00     0.00     0.00     0.00     0.00 -1 -1.86e-05      0.00 3.165e-01 6.690e-01 9.745e-05 9.326e-03 1.266e-04  5.815 1.444e-02 -10.700 -7.521 -7.677 -7.237
0.01471 0.00000 6.50000 85.9657821655 2.6334457397   52.542  6.190  4.5714  3.206    0  0.000  1.027     0.00     0.00     0.00     0.00     0.00 -1 -1.98e-05      0.00 3.165e-01 6.690e-01 9.746e-05 9.326e-03 1.266e-04  5.816 1.445e-02 -10.705 -7.431 -7.588 -7.148
0.01471 0.00000 6.50000 85.9733734131 2.6334457397   52.545  6.192  4.5837  3.253    0  0.000  1.027     0.00     0.00     0.00     0.00     0.00 -1 -2.09e-05      0.00 3.165e-01 6.690e-01 9.746e-05 9.326e-03 1.266e-04  5.817 1.445e-02 -10.710 -7.348 -7.505 -7.064
0.01471 0.00000 6.50000 85.9811477661 2.6334457397   52.548  6.194  4.5973  3.305    0  0.000  1.027     0.00     0.00     0.00     0.00     0.00 -1 -2.19e-05      0.00 3.165e-01 6.691e-01 9.746e-05 9.326e-03 1.266e-04  5.817 1.445e-02 -10.716 -7.257 -7.414 -6.973
0.01471 0.00000 6.50000 85.9849395752 2.6334457397   52.549  6.196  4.6039  3.330    0  0.000  1.027     0.00     0.00     0.00     0.00     0.00 -1 -2.25e-05      0.00 3.165e-01 6.691e-01 9.746e-05 9.326e-03 1.266e-04  5.818 1.445e-02 -10.719 -7.215 -7.372 -6.932
0.01471 0.00000 6.50000 85.9885177612 2.6334457397   52.550  6.197  4.6096  3.352    0  0.000  1.028     0.00     0.00     0.00     0.00     0.00 -1 -2.29e-05      0.00 3.165e-01 6.691e-01 9.746e-05 9.326e-03 1.266e-04  5.818 1.445e-02 -10.722 -7.179 -7.336 -6.897
0.01471 0.00000 6.50000 85.9958724976 2.6334459782   52.553  6.199  4.6207  3.394    1  0.000  1.028     0.00     0.00     0.00     0.00     0.00 -1 -2.35e-05      0.00 3.165e-01 6.691e-01 9.746e-05 9.326e-03 1.266e-04  5.818 1.445e-02 -10.728 -7.109 -7.265 -6.828
0.01471 0.00000 6.50000 86.0048675537 2.6334459782   52.556  6.202  4.6330  3.441    1  0.000  1.028     0.00     0.00     0.00     0.00     0.00 -1 -2.42e-05      0.00 3.165e-01 6.691e-01 9.747e-05 9.326e-03 1.266e-04  5.819 1.445e-02 -10.735 -7.032 -7.188 -6.751
0.01471 0.00000 6.50000 86.0157089233 2.6334459782   52.559  6.205  4.6463  3.491    1  0.000  1.028     0.00     0.00     0.00     0.00     0.00 -1 -2.47e-05      0.00 3.165e-01 6.691e-01 9.747e-05 9.326e-03 1.266e-04  5.820 1.445e-02 -10.744 -6.949 -7.104 -6.669
0.01471 0.00000 6.50000 86.0274124146 2.6334462166   52.562  6.209  4.6588  3.537    1  0.000  1.028     0.00     0.00     0.00     0.00     0.00 -1  -2.5e-05      0.00 3.165e-01 6.691e-01 9.747e-05 9.326e-03 1.266e-04  5.821 1.445e-02 -10.752 -6.873 -7.028 -6.595
0.01471 0.00000 6.50000 86.0422592163 2.6334462166   52.567  6.212  4.6713  3.584    1  0.000  1.028     0.00     0.00     0.00     0.00     0.00 -1 -2.51e-05      0.00 3.164e-01 6.691e-01 9.747e-05 9.326e-03 1.266e-04  5.822 1.446e-02 -10.761 -6.796 -6.951 -6.520
0.01471 0.00000 6.50000 86.0804748535 2.6334464550   52.579  6.217  4.6763  3.599    1  0.000  1.028     0.00     0.00     0.00     0.00     0.00 -1 -2.53e-05      0.00 3.164e-01 6.691e-01 9.748e-05 9.326e-03 1.266e-04  5.824 1.446e-02 -10.773 -6.775 -6.930 -6.499
0.01471 0.00000 6.50000 86.0933990479 2.6334466934   52.583  6.218  4.6737  3.587    1  0.000  1.028     0.00     0.00     0.00     0.00     0.00 -1 -2.55e-05      0.00 3.164e-01 6.692e-01 9.749e-05 9.326e-03 1.266e-04  5.825 1.446e-02 -10.775 -6.796 -6.950 -6.520
0.01471 0.00000 6.50000 86.1007080078 2.6334466934   52.586  6.219  4.6719  3.580    1  0.000  1.028     0.00     0.00     0.00     0.00     0.00 -1 -2.56e-05      0.00 3.164e-01 6.692e-01 9.749e-05 9.326e-03 1.266e-04  5.826 1.445e-02 -10.777 -6.809 -6.964 -6.534
0.01471 0.00000 6.50000 86.1074371338 2.6334466934   52.587  6.219  4.6689  3.567    1  0.000  1.028     0.00     0.00     0.00     0.00     0.00 -1 -2.56e-05      0.00 3.164e-01 6.692e-01 9.749e-05 9.326e-03 1.266e-04  5.826 1.446e-02 -10.778 -6.831 -6.986 -6.555
0.01471 0.00000 6.50000 86.1141510010 2.6334466934   52.589  6.220  4.6638  3.546    1  0.000  1.028     0.00     0.00     0.00     0.00     0.00 -1 -2.57e-05      0.00 3.163e-01 6.692e-01 9.749e-05 9.326e-03 1.266e-04  5.827 1.445e-02 -10.780 -6.868 -7.023 -6.592
0.01471 0.00000 6.50000 86.1209182739 2.6334469318   52.591  6.221  4.6567  3.517    1  0.000  1.028     0.00     0.00     0.00     0.00     0.00 -1 -2.58e-05      0.00 3.163e-01 6.692e-01 9.749e-05 9.326e-03 1.266e-04  5.827 1.444e-02 -10.781 -6.918 -7.073 -6.641
0.01471 0.00000 6.50000 86.1242523193 2.6334469318   52.593  6.221  4.6513  3.495    1  0.000  1.028     0.00     0.00     0.00     0.00     0.00 -1 -2.59e-05      0.00 3.163e-01 6.692e-01 9.750e-05 9.326e-03 1.266e-04  5.827 1.444e-02 -10.782 -6.956 -7.111 -6.679
0.01471 0.00000 6.50000 86.1275863647 2.6334469318   52.594  6.221  4.6454  3.471    1  0.000  1.028     0.00     0.00     0.00     0.00     0.00 -1  -2.6e-05      0.00 3.163e-01 6.692e-01 9.750e-05 9.326e-03 1.266e-04  5.828 1.444e-02 -10.784 -6.998 -7.153 -6.720
0.01471 0.00000 6.50000 86.1309051514 2.6334469318   52.594  6.222  4.6390  3.445    1  0.000  1.028     0.00     0.00     0.00     0.00     0.00 -1  -2.6e-05      0.00 3.163e-01 6.692e-01 9.750e-05 9.326e-03 1.266e-04  5.828 1.444e-02 -10.785 -7.043 -7.198 -6.765
0.01471 0.00000 6.50000 86.1342391968 2.6334469318   52.595  6.222  4.6323  3.418    1  0.000  1.028     0.00     0.00     0.00     0.00     0.00 -1 -2.61e-05      0.00 3.163e-01 6.692e-01 9.750e-05 9.326e-03 1.266e-04  5.828 1.444e-02 -10.786 -7.091 -7.246 -6.813
0.01471 0.00000 6.50000 86.1375808716 2.6334469318   52.596  6.223  4.6248  3.387    1  0.000  1.028     0.00     0.00     0.00     0.00     0.00 -1  -2.6e-05      0.00 3.163e-01 6.692e-01 9.750e-05 9.326e-03 1.266e-04  5.828 1.444e-02 -10.788 -7.145 -7.300 -6.866
0.01471 0.00000 6.50000 86.1408843994 2.6334469318   52.597  6.224  4.6166  3.354    1  0.000  1.028     0.00     0.00     0.00     0.00     0.00 -1 -2.59e-05      0.00 3.163e-01 6.692e-01 9.750e-05 9.326e-03 1.266e-04  5.829 1.444e-02 -10.789 -7.204 -7.359 -6.925
0.01471 0.00000 6.50000 86.1442184448 2.6334469318   52.598  6.224  4.6076  3.317    1  0.000  1.028     0.00     0.00     0.00     0.00     0.00 -1 -2.56e-05      0.00 3.163e-01 6.692e-01 9.750e-05 9.326e-03 1.266e-04  5.829 1.444e-02 -10.791 -7.268 -7.423 -6.988
0.01471 0.00000 6.50000 86.1475067139 2.6334469318   52.599  6.225  4.5979  3.278    1  0.000  1.028     0.00     0.00     0.00     0.00     0.00 -1 -2.51e-05      0.00 3.163e-01 6.692e-01 9.750e-05 9.326e-03 1.266e-04  5.829 1.444e-02 -10.793 -7.336 -7.491 -7.057
0.01471 0.00000 6.50000 86.1508407593 2.6334469318   52.600  6.226  4.5875  3.235    1  0.000  1.028     0.00     0.00     0.00     0.00     0.00 -1 -2.47e-05      0.00 3.163e-01 6.692e-01 9.750e-05 9.326e-03 1.266e-04  5.829 1.444e-02 -10.795 -7.411 -7.566 -7.132
0.01471 0.00000 6.50000 86.1541442871 2.6334471703   52.601  6.227  4.5762  3.189    1  0.000  1.028     0.00     0.00     0.00     0.00     0.00 -1 -2.78e-05      0.00 3.163e-01 6.693e-01 9.750e-05 9.326e-03 1.266e-04  5.830 1.444e-02 -10.797 -7.500 -7.653 -7.228
0.01471 0.00000 6.50000 86.1576995850 2.6334471703   52.602  6.228  4.5626  3.134    1  0.000  1.028     0.00     0.00     0.00     0.00     0.00 -1 -2.72e-05      0.00 3.163e-01 6.693e-01 9.750e-05 9.326e-03 1.266e-04  5.830 1.444e-02 -10.800 -7.599 -7.752 -7.326
0.01471 0.00000 6.50000 86.1611862183 2.6334471703   52.602  6.229  4.5476  3.073    1  0.000  1.028     0.00     0.00     0.00     0.00     0.00 -1 -2.61e-05      0.00 3.163e-01 6.693e-01 9.750e-05 9.326e-03 1.266e-04  5.830 1.444e-02 -10.802 -7.707 -7.860 -7.435
0.01471 0.00000 6.50000 86.1647262573 2.6334471703   52.599  6.230  4.5358  3.024    1  0.000  1.029     0.00     0.00     0.00     0.00     0.00 -1  -2.9e-05      0.00 3.154e-01 6.701e-01 9.754e-05 9.326e-03 1.265e-04  5.844 1.444e-02 -10.805 -7.791 -7.942 -7.523
0.01471 0.00000 6.50000 86.1684036255 2.6334471703   52.600  6.231  4.5183  2.953    1  0.000  1.029     0.00     0.00     0.00     0.00     0.00 -1 -2.31e-05      0.00 3.154e-01 6.701e-01 9.754e-05 9.326e-03 1.265e-04  5.844 1.444e-02 -10.808 -7.901 -8.053 -7.626
0.01471 0.00000 6.50000 86.1719284058 2.6334471703   52.597  6.232  4.5010  2.883    1  0.000  1.029     0.00     0.00     0.00     0.00     0.00 -1 -2.51e-05      0.00 3.153e-01 6.703e-01 9.755e-05 9.326e-03 1.265e-04  5.847 1.444e-02 -10.811 -8.018 -8.169 -7.747
0.01471 0.00000 6.50000 86.1758041382 2.6334471703   52.592  6.234  4.4801  2.798    1  0.000  1.029     0.00     0.00     0.00     0.00     0.00 -1 -2.43e-05      0.00 3.152e-01 6.704e-01 9.755e-05 9.326e-03 1.265e-04  5.849 1.444e-02 -10.814 -8.144 -8.292 -7.881
0.01471 0.00000 6.50000 86.1796417236 2.6334471703   52.587  6.235  4.4576  2.707    1  0.000  1.029     0.00     0.00     0.00     0.00     0.00 -1 -3.45e-05      0.00 3.150e-01 6.705e-01 9.756e-05 9.326e-03 1.265e-04  5.852 1.444e-02 -10.817 -8.288 -8.431 -8.041
0.01471 0.00000 6.50000 86.1835250854 2.6334474087   52.579  6.236  4.4331  2.607    1  0.000  1.029     0.00     0.00     0.00     0.00     0.00 -1 -5.06e-05      0.00 3.149e-01 6.707e-01 9.756e-05 9.326e-03 1.265e-04  5.853 1.445e-02 -10.820 -8.395 -8.532 -8.162
0.01471 0.00000 6.50000 86.1874084473 2.6334474087   52.556  6.237  4.4088  2.509    1  0.000  1.030     0.00     0.00     0.00     0.00     0.00 -1 -9.38e-05      0.00 3.145e-01 6.711e-01 9.758e-05 9.326e-03 1.265e-04  5.860 1.444e-02 -10.822 -8.509 -8.636 -8.310
0.01471 0.00000 6.50000 86.1913375854 2.6334474087   52.521  6.238  4.3860  2.416    1  0.000  1.031     0.00     0.00     0.00     0.00     0.00 -1 -0.000205      0.00 3.130e-01 6.726e-01 9.763e-05 9.326e-03 1.264e-04  5.880 1.444e-02 -10.826 -8.609 -8.723 -8.444
0.01471 0.00000 6.50000 86.1952285767 2.6334474087   52.484  6.239  4.3568  2.298    1  0.000  1.032     0.00     0.00     0.00     0.00     0.00 -1 -0.000329      0.00 3.119e-01 6.737e-01 9.768e-05 9.326e-03 1.263e-04  5.896 1.445e-02 -10.829 -8.640 -8.751 -8.486
0.01471 0.00000 6.50000 86.1985168457 2.6334474087   52.448  6.240  4.3225  2.160    1  0.000  1.032     0.00     0.00     0.00     0.00     0.00 -1 -0.000363      0.00 3.116e-01 6.740e-01 9.769e-05 9.326e-03 1.263e-04  5.900 1.446e-02 -10.831 -8.638 -8.749 -8.483
0.01471 0.00000 6.50000 86.2009658813 2.6334474087   52.401  6.241  4.2916  2.035    1  0.000  1.032     0.00     0.00     0.00     0.00     0.00 -1 -0.000663      0.00 3.113e-01 6.742e-01 9.770e-05 9.326e-03 1.263e-04  5.904 1.446e-02 -10.832 -9.069 -9.178 -8.875
0.01471 0.00000 6.50000 86.2024993896 2.6334474087   52.374  6.241  4.2708  1.951    1  0.000  1.032     0.00     0.00     0.00     0.00     0.00 -1 -0.000944      0.00 3.111e-01 6.744e-01 9.770e-05 9.326e-03 1.263e-04  5.906 1.446e-02 -10.833 -9.194 -9.296 -9.017
0.01471 0.00000 6.50000 86.2075500488 2.6334474087   52.290  6.242  4.1962  1.651    1  0.000  1.033     0.00     0.00     0.00     0.00     0.00 -1 -0.000961      0.00 3.104e-01 6.751e-01 9.773e-05 9.326e-03 1.262e-04  5.915 1.446e-02 -10.836 -9.598 -9.679 -9.460
0.01471 0.00000 6.50000 86.2174377441 2.6334476471   52.151  6.245  4.0866  1.208    1  0.000  1.034     0.00     0.00     0.00     0.00     0.00 -1 -0.000747      0.00 3.089e-01 6.767e-01 9.780e-05 9.326e-03 1.261e-04  5.937 1.445e-02 -10.843 -10.211 -10.257 -10.138
0.01471 0.00000 6.50000 86.2318267822 2.6334476471   52.017  6.249  3.9232  0.550    1  0.000  1.036     0.00     0.00     0.00     0.00     0.00 -1 -0.000466      0.00 3.070e-01 6.786e-01 9.789e-05 9.326e-03 1.260e-04  5.966 1.444e-02 -10.853 -10.922 -10.885 -11.003
0.01471 0.00000 6.50000 86.2567367554 2.6334478855   51.854  6.255  3.8379  0.201    1  0.000  1.038     0.00     0.00     0.00     0.00     0.00 -1 -0.000386      0.00 3.047e-01 6.808e-01 9.801e-05 9.326e-03 1.259e-04  5.996 1.445e-02 -10.867 -11.072 -10.946 -11.306
0.01471 0.00000 6.50000 86.3137054443 2.6334483624   51.527  6.265  3.8250  0.137    1  0.000  1.047     0.00     0.00     0.00     0.00     0.00 -1 -0.000391      0.00 2.937e-01 6.918e-01 9.845e-05 9.326e-03 1.253e-04  6.103 1.446e-02 -10.894 -11.099 -10.947 -11.372
0.01471 0.00000 6.50000 86.4732131958 2.6334493160   50.523  6.283  3.8272  0.119    1  0.000  1.071     0.00     0.00     0.00     0.00     0.00 -1 -0.000439      0.00 2.576e-01 7.280e-01 9.911e-05 9.329e-03 1.235e-04  6.323 1.445e-02 -10.938 -11.143 -10.996 -11.409
0.01471 0.00000 6.50000 86.5336456299 2.6334497929   50.119  6.286  3.8330  0.136    1  0.000  1.079     0.00     0.00     0.00     0.00     0.00 -1 -0.000453      0.00 2.446e-01 7.409e-01 9.927e-05 9.330e-03 1.228e-04  6.388 1.446e-02 -10.946 -11.151 -11.016 -11.399
0.01471 0.00000 6.50000 86.6650924683 2.6334507465   49.301  6.293  3.9383  0.543    1  0.000  1.112     0.00     0.00     0.00     0.00     0.00 -1  -0.00041      0.00 2.193e-01 7.663e-01 1.012e-04 9.330e-03 1.212e-04  6.590 1.446e-02 -10.964 -10.991 -10.970 -11.045
0.01471 0.00000 6.50000 86.6755065918 2.6334509850   49.238  6.295  3.9801  0.708    1  0.000  1.123     0.00     0.00     0.00     0.00     0.00 -1 -0.000408      0.00 2.140e-01 7.716e-01 1.021e-04 9.330e-03 1.209e-04  6.648 1.446e-02 -10.967 -10.841 -10.845 -10.847
0.01471 0.00000 6.50000 86.6784057617 2.6334509850   49.222  6.295  3.9833  0.721    1  0.000  1.124     0.00     0.00     0.00     0.00     0.00 -1 -0.000388      0.00 2.135e-01 7.721e-01 1.021e-04 9.330e-03 1.208e-04  6.651 1.446e-02 -10.967 -10.827 -10.832 -10.831
0.01471 0.00000 6.50000 86.6824874878 2.6334509850   49.198  6.295  3.9881  0.739    1  0.000  1.125     0.00     0.00     0.00     0.00     0.00 -1 -0.000377      0.00 2.127e-01 7.728e-01 1.022e-04 9.330e-03 1.208e-04  6.657 1.446e-02 -10.968 -10.807 -10.813 -10.808
0.01471 0.00000 6.50000 86.6882095337 2.6334509850   49.164  6.295  3.9943  0.764    1  0.000  1.127     0.00     0.00     0.00     0.00     0.00 -1 -0.000376      0.00 2.117e-01 7.739e-01 1.023e-04 9.330e-03 1.207e-04  6.665 1.446e-02 -10.968 -10.780 -10.788 -10.777
0.01471 0.00000 6.50000 86.6963577271 2.6334509850   49.116  6.296  4.0025  0.796    1  0.000  1.130     0.00     0.00     0.00     0.00     0.00 -1 -0.000375      0.00 2.102e-01 7.753e-01 1.024e-04 9.330e-03 1.206e-04  6.676 1.446e-02 -10.969 -10.744 -10.755 -10.736
0.01471 0.00000 6.50000 86.7078704834 2.6334512234   49.049  6.296  4.0137  0.839    1  0.000  1.133     0.00     0.00     0.00     0.00     0.00 -1 -0.000373      0.00 2.081e-01 7.774e-01 1.027e-04 9.330e-03 1.205e-04  6.692 1.446e-02 -10.970 -10.693 -10.708 -10.679
0.01471 0.00000 6.50000 86.7471771240 2.6334514618   48.820  6.298  4.0506  0.983    1  0.000  1.144     0.00     0.00     0.00     0.00     0.00 -1 -0.000366      0.00 2.009e-01 7.846e-01 1.034e-04 9.330e-03 1.201e-04  6.742 1.446e-02 -10.975 -10.517 -10.546 -10.482
0.01471 0.00000 6.50000 86.8618240356 2.6334521770   48.380  6.302  4.6512  3.377    1  0.000  1.287     0.00     0.00     0.00     0.00     0.00 -1  -0.00014      0.00 1.341e-01 8.514e-01 1.119e-04 9.326e-03 1.160e-04  7.190 1.446e-02 -10.986 -7.534 -7.650 -7.361
0.01471 0.00000 6.50000 86.9438171387 2.6334528923   48.250  6.301  4.6728  3.464    1  0.000  1.283     0.00     0.00     0.00     0.00     0.00 -1  -0.00014      0.00 1.341e-01 8.514e-01 1.115e-04 9.326e-03 1.160e-04  7.182 1.446e-02 -10.982 -7.430 -7.542 -7.263
0.01471 0.00000 6.50000 86.9848022461 2.6334531307   48.187  6.300  4.6818  3.500    1  0.000  1.281     0.00     0.00     0.00     0.00     0.00 -1 -0.000139      0.00 1.341e-01 8.514e-01 1.113e-04 9.326e-03 1.160e-04  7.179 1.445e-02 -10.981 -7.387 -7.499 -7.223
0.01471 0.00000 6.50000 87.0257644653 2.6334533691   48.122  6.300  4.6906  3.535    1  0.000  1.279     0.00     0.00     0.00     0.00     0.00 -1 -0.000138      0.00 1.341e-01 8.514e-01 1.111e-04 9.326e-03 1.160e-04  7.176 1.445e-02 -10.979 -7.344 -7.455 -7.181
0.01471 0.00000 6.50000 87.0667343140 2.6334538460   48.057  6.299  4.6995  3.570    1  0.000  1.277     0.00     0.00     0.00     0.00     0.00 -1 -0.000138      0.00 1.341e-01 8.514e-01 1.109e-04 9.326e-03 1.159e-04  7.173 1.446e-02 -10.978 -7.302 -7.412 -7.141
0.01471 0.00000 6.50000 87.1076660156 2.6334540844   47.993  6.299  4.7087  3.608    1  0.000  1.276     0.00     0.00     0.00     0.00     0.00 -1 -0.000138      0.00 1.341e-01 8.514e-01 1.108e-04 9.326e-03 1.159e-04  7.171 1.446e-02 -10.976 -7.259 -7.368 -7.101
0.01471 0.00000 6.50000 87.1486816406 2.6334543228   47.930  6.298  4.7181  3.645    1  0.000  1.276     0.00     0.00     0.00     0.00     0.00 -1 -0.000138      0.00 1.341e-01 8.515e-01 1.107e-04 9.326e-03 1.159e-04  7.169 1.446e-02 -10.975 -7.216 -7.324 -7.062
0.01471 0.00000 6.50000 87.1897354126 2.6334545612   47.865  6.297  4.7279  3.685    1  0.000  1.277     0.00     0.00     0.00     0.00     0.00 -1 -0.000138      0.00 1.340e-01 8.515e-01 1.107e-04 9.326e-03 1.158e-04  7.171 1.447e-02 -10.973 -7.171 -7.278 -7.021
0.01471 0.00000 6.50000 87.2308120728 2.6334550381   47.802  6.296  4.7379  3.724    1  0.000  1.280     0.00     0.00     0.00     0.00     0.00 -1 -0.000138      0.00 1.339e-01 8.516e-01 1.108e-04 9.327e-03 1.158e-04  7.174 1.450e-02 -10.971 -7.129 -7.234 -6.983
0.01471 0.00000 6.50000 87.2719039917 2.6334552765   47.738  6.296  4.7475  3.763    1  0.000  1.280     0.00     0.00     0.00     0.00     0.00 -1 -0.000138      0.00 1.337e-01 8.518e-01 1.107e-04 9.327e-03 1.158e-04  7.173 1.449e-02 -10.969 -7.090 -7.194 -6.948
0.01471 0.00000 6.50000 87.3130722046 2.6334555149   47.675  6.295  4.7571  3.802    1  0.000  1.280     0.00     0.00     0.00     0.00     0.00 -1 -0.000138      0.00 1.335e-01 8.520e-01 1.106e-04 9.328e-03 1.157e-04  7.171 1.446e-02 -10.967 -7.048 -7.151 -6.909
0.01471 0.00000 6.50000 87.3543090820 2.6334557533   47.611  6.294  4.7664  3.839    1  0.000  1.274     0.00     0.00     0.00     0.00     0.00 -1 -0.000137      0.00 1.334e-01 8.521e-01 1.099e-04 9.329e-03 1.157e-04  7.159 1.446e-02 -10.965 -7.006 -7.107 -6.870
0.01471 0.00000 6.50000 87.3956298828 2.6334562302   47.548  6.293  4.7756  3.876    1  0.000  1.265     0.00     0.00     0.00     0.00     0.00 -1 -0.000137      0.00 1.333e-01 8.522e-01 1.090e-04 9.330e-03 1.157e-04  7.143 1.446e-02 -10.963 -6.965 -7.065 -6.833
0.01471 0.00000 6.50000 87.4370040894 2.6334564686   47.485  6.292  4.7847  3.913    1  0.000  1.253     0.00     0.00     0.00     0.00     0.00 -1 -0.000136      0.00 1.333e-01 8.523e-01 1.079e-04 9.332e-03 1.156e-04  7.121 1.447e-02 -10.961 -6.924 -7.023 -6.796
0.01471 0.00000 6.50000 87.4784698486 2.6334567070   47.422  6.291  4.7937  3.950    1  0.000  1.241     0.00     0.00     0.00     0.00     0.00 -1 -0.000135      0.00 1.332e-01 8.523e-01 1.067e-04 9.333e-03 1.156e-04  7.096 1.447e-02 -10.958 -6.884 -6.981 -6.759
0.01471 0.00000 6.50000 87.5200347900 2.6334569454   47.359  6.290  4.8027  3.986    1  0.000  1.228     0.00     0.00     0.00     0.00     0.00 -1 -0.000135      0.00 1.332e-01 8.523e-01 1.054e-04 9.334e-03 1.156e-04  7.067 1.448e-02 -10.955 -6.842 -6.938 -6.722
0.01471 0.00000 6.50000 87.5616760254 2.6334574223   47.297  6.289  4.8118  4.023    1  0.000  1.214     0.00     0.00     0.00     0.00     0.00 -1 -0.000135      0.00 1.332e-01 8.523e-01 1.041e-04 9.337e-03 1.156e-04  7.036 1.450e-02 -10.953 -6.797 -6.892 -6.680
0.01471 0.00000 6.50000 87.6034469604 2.6334576607   47.234  6.288  4.8209  4.060    1  0.000  1.201     0.00     0.00     0.00     0.00     0.00 -1 -0.000134      0.00 1.332e-01 8.523e-01 1.029e-04 9.339e-03 1.156e-04  7.006 1.451e-02 -10.950 -6.753 -6.846 -6.638
0.01471 0.00000 6.50000 87.6453552246 2.6334578991   47.171  6.287  4.8299  4.097    1  0.000  1.191     0.00     0.00     0.00     0.00     0.00 -1 -0.000134      0.00 1.332e-01 8.523e-01 1.019e-04 9.340e-03 1.156e-04  6.978 1.447e-02 -10.947 -6.711 -6.803 -6.600
0.01471 0.00000 6.50000 87.6873474121 2.6334581375   47.108  6.285  4.8389  4.133    1  0.000  1.180     0.00     0.00     0.00     0.00     0.00 -1 -0.000134      0.00 1.332e-01 8.524e-01 1.009e-04 9.341e-03 1.156e-04  6.950 1.446e-02 -10.943 -6.669 -6.760 -6.561
0.01471 0.00000 6.50000 87.7295455933 2.6334586143   47.046  6.284  4.8480  4.170    1  0.000  1.171     0.00     0.00     0.00     0.00     0.00 -1 -0.000133      0.00 1.331e-01 8.524e-01 1.001e-04 9.342e-03 1.156e-04  6.923 1.446e-02 -10.940 -6.624 -6.713 -6.519
0.01471 0.00000 6.50000 87.7718353271 2.6334588528   46.983  6.283  4.8570  4.207    1  0.000  1.161     0.00     0.00     0.00     0.00     0.00 -1 -0.000131      0.00 1.331e-01 8.524e-01 9.927e-05 9.344e-03 1.156e-04  6.897 1.447e-02 -10.937 -6.574 -6.662 -6.470
0.01471 0.00000 6.50000 87.8143157959 2.6334590912   46.921  6.281  4.8659  4.244    1  0.000  1.155     0.00     0.00     0.00     0.00     0.00 -1 -0.000131      0.00 1.331e-01 8.525e-01 9.878e-05 9.344e-03 1.156e-04  6.879 1.446e-02 -10.933 -6.528 -6.616 -6.426
0.01471 0.00000 6.50000 87.8570022583 2.6334593296   46.859  6.280  4.8748  4.280    1  0.000  1.149     0.00     0.00     0.00     0.00     0.00 -1 -0.000131      0.00 1.330e-01 8.525e-01 9.828e-05 9.345e-03 1.156e-04  6.860 1.446e-02 -10.929 -6.483 -6.570 -6.383
0.01471 0.00000 6.50000 87.8998336792 2.6334598064   46.797  6.278  4.8835  4.316    1  0.000  1.137     0.00     0.00     0.00     0.00     0.00 -1 -0.000131      0.00 1.330e-01 8.526e-01 9.734e-05 9.347e-03 1.156e-04  6.823 1.446e-02 -10.925 -6.440 -6.526 -6.342
0.01471 0.00000 6.50000 87.9429168701 2.6334600449   46.735  6.276  4.8922  4.352    1  0.000  1.126     0.00     0.00     0.00     0.00     0.00 -1 -0.000131      0.00 1.329e-01 8.526e-01 9.641e-05 9.348e-03 1.156e-04  6.783 1.445e-02 -10.921 -6.400 -6.485 -6.303
0.01471 0.00000 6.50000 87.9861984253 2.6334602833   46.674  6.274  4.9007  4.387    1  0.000  1.110     0.00     0.00     0.00     0.00     0.00 -1 -0.000129      0.00 1.329e-01 8.526e-01 9.511e-05 9.349e-03 1.157e-04  6.720 1.448e-02 -10.916 -6.356 -6.440 -6.260
0.01471 0.00000 6.50000 88.0297012329 2.6334605217   46.612  6.273  4.9092  4.423    1  0.000  1.093     0.00     0.00     0.00     0.00     0.00 -1 -0.000128      0.00 1.328e-01 8.527e-01 9.381e-05 9.351e-03 1.157e-04  6.646 1.451e-02 -10.911 -6.312 -6.397 -6.215
0.01471 0.00000 6.50000 88.0735015869 2.6334609985   46.552  6.271  4.9177  4.458    1  0.000  1.080     0.00     0.00     0.00     0.00     0.00 -1 -0.000128      0.00 1.327e-01 8.528e-01 9.276e-05 9.352e-03 1.157e-04  6.574 1.449e-02 -10.907 -6.270 -6.355 -6.174
0.01471 0.00000 6.50000 88.1172714233 2.6334612370   46.490  6.269  4.9261  4.493    1  0.000  1.066     0.00     0.00     0.00     0.00     0.00 -1 -0.000127      0.00 1.325e-01 8.530e-01 9.173e-05 9.354e-03 1.158e-04  6.490 1.447e-02 -10.902 -6.230 -6.314 -6.134
0.01471 0.00000 6.50000 88.2056427002 2.6334619522   46.369  6.265  4.9423  4.561    1  0.000  1.033     0.00     0.00     0.00     0.00     0.00 -1 -0.000126      0.00 1.320e-01 8.536e-01 8.919e-05 9.358e-03 1.159e-04  6.157 1.446e-02 -10.892 -6.141 -6.226 -6.046
0.01471 0.00000 6.50000 88.2957763672 2.6334624290   46.247  6.260  4.9578  4.626    1  0.000  0.976     0.00     0.00     0.00     0.00     0.00 -1 -0.000125      0.00 1.314e-01 8.541e-01 8.469e-05 9.365e-03 1.160e-04 -1.000 1.451e-02 -10.881 -6.065 -6.149 -5.970
0.01471 0.00000 6.50000 88.3873672485 2.6334631443   46.124  6.256  4.9726  4.688    1  0.000  0.915     0.00     0.00     0.00     0.00     0.00 -1 -0.000123      0.00 1.304e-01 8.551e-01 7.974e-05 9.372e-03 1.160e-04 -1.000 1.449e-02 -10.871 -5.992 -6.077 -5.895
0.01471 0.00000 6.50000 88.4804992676 2.6334638596   45.999  6.252  4.9863  4.746    1  0.000  0.874     0.00     0.00     0.00     0.00     0.00 -1 -0.000123      0.00 1.288e-01 8.566e-01 7.632e-05 9.378e-03 1.157e-04 -1.000 1.451e-02 -10.860 -5.932 -6.017 -5.834
0.01471 0.00000 6.50000 88.5753326416 2.6334643364   45.871  6.248  4.9996  4.802    1  0.000  0.887     0.00     0.00     0.00     0.00     0.00 -1 -0.000122      0.00 1.262e-01 8.594e-01 7.728e-05 9.377e-03 1.156e-04 -1.000 1.449e-02 -10.851 -5.867 -5.953 -5.768
0.01471 0.00000 6.50000 88.6718063354 2.6334650517   45.742  6.244  5.0114  4.852    1  0.000  0.899     0.00     0.00     0.00     0.00     0.00 -1 -0.000121      0.00 1.236e-01 8.619e-01 7.807e-05 9.376e-03 1.152e-04 -1.000 1.449e-02 -10.841 -5.779 -5.870 -5.654
0.01471 0.00000 6.50000 88.7697448730 2.6334657669   45.612  6.240  5.0224  4.898    1  0.000  0.910     0.00     0.00     0.00     0.00     0.00 -1 -0.000119      0.00 1.210e-01 8.645e-01 7.866e-05 9.375e-03 1.148e-04 -1.000 1.451e-02 -10.831 -5.731 -5.823 -5.607
0.01471 0.00000 6.50000 88.9186782837 2.6334667206   45.419  6.235  5.0363  4.957    1  0.000  0.942     0.00     0.00     0.00     0.00     0.00 -1 -0.000118      0.00 1.171e-01 8.684e-01 8.093e-05 9.373e-03 1.142e-04 -1.000 1.449e-02 -10.818 -5.669 -5.761 -5.545
0.01471 0.00000 6.50000 89.0183181763 2.6334674358   45.291  6.232  5.0450  4.994    1  0.000  0.964     0.00     0.00     0.00     0.00     0.00 -1 -0.000118      0.00 1.144e-01 8.711e-01 8.243e-05 9.371e-03 1.138e-04 -1.000 1.448e-02 -10.809 -5.632 -5.723 -5.507
0.01471 0.00000 6.50000 89.1171035767 2.6334681511   45.166  6.229  5.0519  5.023    1  0.000  0.983     0.00     0.00     0.00     0.00     0.00 -1 -0.000117      0.00 1.115e-01 8.740e-01 8.380e-05 9.370e-03 1.135e-04 -1.000 1.447e-02 -10.803 -5.587 -5.679 -5.456
0.01471 0.00000 6.50000 89.2139282227 2.6334688663   45.043  6.227  5.0586  5.051    1  0.000  1.003     0.00     0.00     0.00     0.00     0.00 -1 -0.000117      0.00 1.085e-01 8.770e-01 8.518e-05 9.368e-03 1.132e-04  5.367 1.446e-02 -10.797 -5.554 -5.646 -5.426
0.01471 0.00000 6.50000 89.3077011108 2.6334695816   44.925  6.225  5.0645  5.075    1  0.000  1.023     0.00     0.00     0.00     0.00     0.00 -1 -0.000117      0.00 1.051e-01 8.805e-01 8.667e-05 9.367e-03 1.129e-04  6.206 1.446e-02 -10.793 -5.531 -5.622 -5.404
0.01471 0.00000 6.50000 89.3977890015 2.6334700584   44.812  6.224  5.0700  5.098    1  0.000  1.046     0.00     0.00     0.00     0.00     0.00 -1 -0.000117      0.00 1.015e-01 8.841e-01 8.826e-05 9.365e-03 1.125e-04  6.501 1.446e-02 -10.790 -5.512 -5.603 -5.387
0.01471 0.00000 6.50000 89.6104660034 2.6334714890   44.548  6.222  5.0838  5.152    1  0.000  1.170     0.00     0.00     0.00     0.00     0.00 -1 -0.000118      0.00 8.959e-02 8.948e-01 1.170e-03 9.311e-03 1.799e-04  8.983 1.563e-02 -10.785 -5.470 -5.560 -5.347
0.01471 0.00000 6.50000 90.0000000000 2.6334741116   44.052  6.220  5.1151  5.275    1  0.000  1.916     0.00     0.00     0.00     0.00     0.00 -1 -0.000124      0.00 4.867e-02 9.274e-01 8.747e-03 8.966e-03 6.916e-04 10.149 2.394e-02 -10.779 -5.399 -5.484 -5.285
0.01471 0.00000 6.50000 91.7107009888 2.6334853172   41.599  6.194  5.1422  5.384    1  0.000  7.467     0.00     0.00     0.00     0.00     0.00 -1 -0.000111      0.00 5.617e-05 9.052e-01 7.315e-02 6.263e-03 5.631e-03 14.010 9.477e-02 -10.714 -4.220 -4.405 -3.859
0.01471 0.00000 6.50000 95.0000000000 2.6335055828   38.998  6.171  5.1430  5.383    1  0.000 11.596     0.00     0.00     0.00     0.00     0.00 -1 -6.51e-05      0.00 1.000e-33 6.933e-01 2.606e-01 1.189e-03 2.704e-02 43.302 3.067e-01 -10.657 -4.162 -4.348 -3.801
0.01471 0.00000 6.50000 96.3099975586 2.6335132122   38.433  6.168  5.1432  5.380    1  0.000 11.762     0.00     0.00     0.00     0.00     0.00 -1 -5.52e-05      0.00 1.000e-33 6.261e-01 3.180e-01 1.000e-33 3.615e-02 43.384 3.739e-01 -10.649 -4.155 -4.340 -3.794
0.01471 0.00000 6.50000 99.0426177979 2.6335284710   37.918  6.171  5.1456  5.380    2  0.000  8.645     0.00     0.00     0.00     0.00     0.00 -1  -4.3e-05      0.00 1.000e-33 5.410e-01 3.751e-01 5.681e-30 6.413e-02 43.435 4.590e-01 -10.659 -4.164 -4.350 -3.803
0.01471 0.00000 6.50000 100.0000000000 2.6335334778   37.760  6.173  5.1464  5.380    2  0.000  7.662     0.00     0.00     0.00     0.00     0.00 -1 -3.94e-05      0.00 1.000e-33 5.128e-01 3.934e-01 7.848e-30 7.390e-02 43.450 4.872e-01 -10.662 -4.168 -4.353 -3.807
0.01471 0.00000 6.50000 101.4656219482 2.6335411072   37.500  6.174  5.1475  5.380    2  0.000  6.378     0.00     0.00     0.00     0.00     0.00 -1 -3.48e-05      0.00 1.000e-33 4.743e-01 4.179e-01 3.593e-27 8.779e-02 43.467 5.257e-01 -10.665 -4.171 -4.356 -3.810
0.01471 0.00000 6.50000 105.0902023315 2.6335587502   37.289  6.184  5.1546  5.396    3  0.000  4.840     0.00     0.00     0.00     0.00     0.00 -1 -3.32e-05      0.00 1.000e-33 4.074e-01 4.482e-01 3.678e-26 1.243e-01 43.471 5.926e-01 -10.689 -4.195 -4.380 -3.834
0.01471 0.00000 6.50000 105.1434478760 2.6335589886   37.285  6.184  5.1547  5.397    3  0.000  4.820     0.00     0.00     0.00     0.00     0.00 -1 -3.31e-05      0.00 1.000e-33 4.065e-01 4.486e-01 3.972e-26 1.249e-01 43.471 5.935e-01 -10.689 -4.195 -4.380 -3.834
0.01471 0.00000 6.50000 106.9319305420 2.6335673332   37.046  6.187  5.1624  5.422    3  0.000  3.539     0.00     0.00     0.00     0.00     0.00 -1 -4.15e-05      0.00 1.000e-33 3.251e-01 4.672e-01 1.911e-25 1.874e-01 43.435 6.749e-01 -10.697 -4.202 -4.388 -3.841
0.01471 0.00000 6.50000 108.6695022583 2.6335749626   36.651  6.188  5.1750  5.466    3  0.000  2.515     0.00     0.00     0.00     0.00     0.00 -1 -5.11e-05      0.00 1.000e-33 2.486e-01 4.624e-01 8.542e-25 2.684e-01 43.338 7.514e-01 -10.701 -4.206 -4.392 -3.845
0.01471 0.00000 6.50000 109.5471801758 2.6335787773   36.371  6.189  5.1862  5.506    3  0.000  2.114     0.00     0.00     0.00     0.00     0.00 -1 -5.72e-05      0.00 1.000e-33 2.142e-01 4.493e-01 1.396e-24 3.157e-01 43.248 7.858e-01 -10.703 -4.209 -4.394 -3.848
0.01471 0.00000 6.50000 109.6692047119 2.6335792542   36.328  6.190  5.1881  5.513    3  0.000  2.077     0.00     0.00     0.00     0.00     0.00 -1 -5.78e-05      0.00 1.000e-33 2.112e-01 4.486e-01 1.442e-24 3.194e-01 43.241 7.888e-01 -10.704 -4.210 -4.395 -3.849
0.01471 0.00000 6.50000 109.8699874878 2.6335802078   36.249  6.191  5.1945  5.536    3  0.000  1.978     0.00     0.00     0.00     0.00     0.00 -1 -5.99e-05      0.00 1.000e-33 2.016e-01 4.416e-01 1.322e-24 3.359e-01 43.199 7.984e-01 -10.708 -4.213 -4.399 -3.853
0.01471 0.00000 6.50000 110.1571350098 2.6335813999   36.133  6.195  5.2078  5.584    3  0.000  1.859     0.00     0.00     0.00     0.00     0.00 -1  -6.4e-05      0.00 1.000e-33 1.901e-01 4.332e-01 1.176e-24 3.557e-01 43.142 8.099e-01 -10.718 -4.224 -4.409 -3.863
0.01471 0.00000 6.50000 110.2447891235 2.6335816383   36.094  6.199  5.2182  5.621    3  0.000  1.842     0.00     0.00     0.00     0.00     0.00 -1 -6.69e-05      0.00 1.000e-33 1.886e-01 4.320e-01 1.158e-24 3.584e-01 43.134 8.114e-01 -10.729 -4.234 -4.420 -3.874
0.01471 0.00000 6.50000 110.2825775146 2.6335818768   36.076  6.203  5.2269  5.651    3  0.000  1.837     0.00     0.00     0.00     0.00     0.00 -1 -6.94e-05      0.00 1.000e-33 1.881e-01 4.317e-01 1.151e-24 3.592e-01 43.131 8.119e-01 -10.739 -4.244 -4.430 -3.883
0.01471 0.00000 6.50000 110.3304290771 2.6335821152   36.052  6.211  5.2414  5.702    3  0.000  1.830     0.00     0.00     0.00     0.00     0.00 -1 -7.42e-05      0.00 1.000e-33 1.875e-01 4.313e-01 1.150e-24 3.602e-01 43.128 8.125e-01 -10.757 -4.263 -4.448 -3.902
0.01471 0.00000 6.50000 110.3799362183 2.6335823536   36.024  6.218  5.2550  5.748    3  0.000  1.821     0.00     0.00     0.00     0.00     0.00 -1 -7.92e-05      0.00 1.000e-33 1.867e-01 4.307e-01 1.154e-24 3.616e-01 43.124 8.133e-01 -10.776 -4.281 -4.467 -3.920
0.01471 0.00000 6.50000 110.4363021851 2.6335825920   35.989  6.226  5.2684  5.793    3  0.000  1.810     0.00     0.00     0.00     0.00     0.00 -1  -8.5e-05      0.00 1.000e-33 1.857e-01 4.300e-01 1.158e-24 3.633e-01 43.118 8.143e-01 -10.796 -4.302 -4.487 -3.941
0.01471 0.00000 6.50000 110.4936447144 2.6335828304   35.948  6.235  5.2805  5.833    3  0.000  1.795     0.00     0.00     0.00     0.00     0.00 -1 -9.22e-05      0.00 1.000e-33 1.844e-01 4.291e-01 1.156e-24 3.654e-01 43.111 8.156e-01 -10.817 -4.323 -4.508 -3.962
0.01471 0.00000 6.50000 110.5506668091 2.6335830688   35.904  6.244  5.2917  5.868    3  0.000  1.777     0.00     0.00     0.00     0.00     0.00 -1   -0.0001      0.00 1.000e-33 1.829e-01 4.281e-01 1.211e-24 3.679e-01 43.103 8.171e-01 -10.840 -4.346 -4.531 -3.985
0.01471 0.00000 6.50000 110.6038436890 2.6335833073   35.859  6.258  5.3058  5.910    3  0.000  1.760     0.00     0.00     0.00     0.00     0.00 -1 -0.000113      0.00 1.000e-33 1.814e-01 4.270e-01 1.271e-24 3.704e-01 43.095 8.186e-01 -10.874 -4.380 -4.565 -4.019
0.01471 0.00000 6.50000 110.6157455444 2.6335833073   35.849  6.270  5.3195  5.952    3  0.000  1.758     0.00     0.00     0.00     0.00     0.00 -1 -0.000126      0.00 1.000e-33 1.812e-01 4.268e-01 1.276e-24 3.709e-01 43.093 8.188e-01 -10.906 -4.411 -4.597 -4.051
0.01471 0.00000 6.50000 110.6164932251 2.6335833073   35.851  6.273  5.3224  5.961    3  0.000  1.757     0.00     0.00     0.00     0.00     0.00 -1 -0.000129      0.00 1.000e-33 1.811e-01 4.268e-01 1.276e-24 3.709e-01 43.093 8.189e-01 -10.912 -4.418 -4.603 -4.057
#isochrone terminated
