# File generated by CMD 3.5 (http://stev.oapd.inaf.it/cmd) on Thu Oct 21 00:06:05 CEST 2021
# isochrones based on PARSEC release v1.2S +  COLIBRI S_37 + S_35 + PR16
# Basic references: Bressan et al. (2012), MNRAS, 427, 127 + Chen et al. (2014, 2015), MNRAS, 444, 2525 + MNRAS, 452, 1068 + Tang et al. (2014), MNRAS, 445, 4287 + Marigo et al. (2017), ApJ, 835, 77 + Pastorelli al. (2019), MNRAS, 485, 5666 + Pastorelli al. (2020), MNRAS, in press
# Thermal pulse cycles included 
# On RGB, assumed Reimers mass loss with efficiency eta=0.2
# LPV periods and growth rates added cf. Trabucchi et al. (2019)
# Photometric system: Gaia EDR3 (all Vegamags, Gaia passbands from ESA/Gaia website)
# Using YBC version of bolometric corrections as in Chen et al. (2019)
# O-rich circumstellar dpmod60alox40 dust from Groenewegen (2006)
# C-rich circumstellar AMCSIC15 dust from Groenewegen (2006)
# IMF: Kroupa (2001, 2002) + Kroupa et al. (2013) canonical two-part-power law IMF corrected for unresolved binaries 
# Kind of output: isochrone tables
# Zini     MH   logAge Mini        int_IMF         Mass   logL    logTe  logg  label   McoreTP C_O  period0  period1  period2  period3  period4  pmode  Mloss  tau1m   X   Y   Xc  Xn  Xo  Cexcess  Z 	 mbolmag  Gmag    G_BPmag  G_RPmag
0.01471 0.00000 7.00000 0.0900000036 1.0816895962    0.090 -2.066  3.3991  4.006    0  0.000  0.545     0.00     0.00     0.00     0.00     0.00 -1 -3.62e-15      0.00 7.107e-01 2.745e-01 2.655e-03 7.163e-04 6.496e-03 -1.000 1.476e-02 9.934 11.949 14.510 10.498
0.01471 0.00000 7.00000 0.1000000015 1.1711064577    0.100 -2.003  3.4058  4.016    0  0.000  0.545     0.00     0.00     0.00     0.00     0.00 -1 -3.92e-15      0.00 7.107e-01 2.745e-01 2.655e-03 7.163e-04 6.496e-03 -1.000 1.476e-02 9.777 11.793 14.357 10.342
0.01471 0.00000 7.00000 0.1085188761 1.2385675907    0.108 -1.953  3.4110  4.022    0  0.000  0.545     0.00     0.00     0.00     0.00     0.00 -1  -4.2e-15      0.00 7.107e-01 2.745e-01 2.655e-03 7.163e-04 6.496e-03 -1.000 1.476e-02 9.652 11.668 14.234 10.216
0.01471 0.00000 7.00000 0.1247206256 1.3496549129    0.125 -1.867  3.4200  4.033    0  0.000  0.545     0.00     0.00     0.00     0.00     0.00 -1 -4.71e-15      0.00 7.107e-01 2.745e-01 2.655e-03 7.163e-04 6.496e-03 -1.000 1.476e-02 9.437 11.418 13.946 9.974
0.01471 0.00000 7.00000 0.1381183565 1.4282139540    0.138 -1.802  3.4267  4.039    0  0.000  0.545     0.00     0.00     0.00     0.00     0.00 -1 -5.14e-15      0.00 7.107e-01 2.745e-01 2.655e-03 7.163e-04 6.496e-03 -1.000 1.476e-02 9.276 11.162 13.582 9.739
0.01471 0.00000 7.00000 0.1437702775 1.4584399462    0.144 -1.778  3.4296  4.043    0  0.000  0.545     0.00     0.00     0.00     0.00     0.00 -1  -5.3e-15      0.00 7.107e-01 2.745e-01 2.655e-03 7.163e-04 6.496e-03 -1.000 1.476e-02 9.214 11.059 13.433 9.646
0.01471 0.00000 7.00000 0.1476776004 1.4784471989    0.148 -1.760  3.4316  4.046    0  0.000  0.545     0.00     0.00     0.00     0.00     0.00 -1 -5.43e-15      0.00 7.107e-01 2.745e-01 2.655e-03 7.163e-04 6.496e-03 -1.000 1.476e-02 9.171 10.988 13.333 9.581
0.01471 0.00000 7.00000 0.1499548405 1.4897930622    0.150 -1.749  3.4328  4.046    0  0.000  0.545     0.00     0.00     0.00     0.00     0.00 -1 -5.53e-15      0.00 7.107e-01 2.745e-01 2.655e-03 7.163e-04 6.496e-03 -1.000 1.476e-02 9.143 10.945 13.274 9.542
0.01471 0.00000 7.00000 0.1693065912 1.5779639482    0.169 -1.671  3.4417  4.056    0  0.000  0.545     0.00     0.00     0.00     0.00     0.00 -1 -6.18e-15      0.00 7.107e-01 2.745e-01 2.655e-03 7.163e-04 6.496e-03 -1.000 1.476e-02 8.947 10.638 12.848 9.260
0.01471 0.00000 7.00000 0.1828361005 1.6321722269    0.183 -1.620  3.4477  4.063    0  0.000  0.545     0.00     0.00     0.00     0.00     0.00 -1 -6.64e-15      0.00 7.107e-01 2.745e-01 2.655e-03 7.163e-04 6.496e-03 -1.000 1.476e-02 8.820 10.437 12.569 9.076
0.01471 0.00000 7.00000 0.1975269616 1.6854212284    0.197 -1.570  3.4535  4.069    0  0.000  0.545     0.00     0.00     0.00     0.00     0.00 -1 -7.11e-15      0.00 7.107e-01 2.745e-01 2.655e-03 7.163e-04 6.496e-03 -1.000 1.476e-02 8.695 10.243 12.299 8.899
0.01471 0.00000 7.00000 0.2103439122 1.7278361320    0.210 -1.530  3.4579  4.075    0  0.000  0.545     0.00     0.00     0.00     0.00     0.00 -1  -7.5e-15      0.00 7.107e-01 2.745e-01 2.655e-03 7.163e-04 6.496e-03 -1.000 1.476e-02 8.596 10.092 12.089 8.762
0.01471 0.00000 7.00000 0.2289150804 1.7836687565    0.229 -1.476  3.4641  4.082    0  0.000  0.545     0.00     0.00     0.00     0.00     0.00 -1  -8.1e-15      0.00 7.107e-01 2.745e-01 2.655e-03 7.163e-04 6.496e-03 -1.000 1.476e-02 8.459 9.889 11.812 8.576
0.01471 0.00000 7.00000 0.2491669208 1.8382066488    0.249 -1.421  3.4703  4.089    0  0.000  0.545     0.00     0.00     0.00     0.00     0.00 -1 -8.73e-15      0.00 7.107e-01 2.745e-01 2.655e-03 7.163e-04 6.496e-03 -1.000 1.476e-02 8.322 9.690 11.546 8.395
0.01471 0.00000 7.00000 0.2697921097 1.8881256580    0.270 -1.370  3.4763  4.096    0  0.000  0.545     0.00     0.00     0.00     0.00     0.00 -1 -9.35e-15      0.00 7.107e-01 2.745e-01 2.655e-03 7.163e-04 6.496e-03 -1.000 1.476e-02 8.195 9.506 11.298 8.227
0.01471 0.00000 7.00000 0.2991636097 1.9512360096    0.299 -1.303  3.4844  4.106    0  0.000  0.545     0.00     0.00     0.00     0.00     0.00 -1 -1.02e-14      0.00 7.107e-01 2.745e-01 2.655e-03 7.163e-04 6.496e-03 -1.000 1.476e-02 8.027 9.261 10.967 8.006
0.01471 0.00000 7.00000 0.3000000119 1.9529139996    0.300 -1.301  3.4846  4.106    0  0.000  0.545     0.00     0.00     0.00     0.00     0.00 -1 -1.03e-14      0.00 7.107e-01 2.745e-01 2.655e-03 7.163e-04 6.496e-03 -1.000 1.476e-02 8.022 9.255 10.958 8.000
0.01471 0.00000 7.00000 0.3208860755 1.9929440022    0.321 -1.259  3.4897  4.114    0  0.000  0.545     0.00     0.00     0.00     0.00     0.00 -1 -1.09e-14      0.00 7.107e-01 2.745e-01 2.655e-03 7.163e-04 6.496e-03 -1.000 1.476e-02 7.917 9.101 10.750 7.862
0.01471 0.00000 7.00000 0.3500000238 2.0434176922    0.350 -1.203  3.4964  4.123    0  0.000  0.545     0.00     0.00     0.00     0.00     0.00 -1 -1.17e-14      0.00 7.107e-01 2.745e-01 2.655e-03 7.163e-04 6.496e-03 -1.000 1.476e-02 7.778 8.909 10.499 7.687
0.01471 0.00000 7.00000 0.3603456318 2.0600552559    0.360 -1.186  3.4985  4.127    0  0.000  0.545     0.00     0.00     0.00     0.00     0.00 -1 -1.19e-14      0.00 7.107e-01 2.745e-01 2.655e-03 7.163e-04 6.496e-03 -1.000 1.476e-02 7.735 8.849 10.422 7.633
0.01471 0.00000 7.00000 0.4000000358 2.1185026169    0.400 -1.120  3.5064  4.138    0  0.000  0.545     0.00     0.00     0.00     0.00     0.00 -1  -1.3e-14      0.00 7.107e-01 2.745e-01 2.655e-03 7.163e-04 6.496e-03 -1.000 1.476e-02 7.570 8.626 10.136 7.430
0.01471 0.00000 7.00000 0.4196018875 2.1446805000    0.419 -1.090  3.5102  4.144    0  0.000  0.545     0.00     0.00     0.00     0.00     0.00 -1 -1.35e-14      0.00 7.107e-01 2.745e-01 2.655e-03 7.163e-04 6.496e-03 -1.000 1.476e-02 7.496 8.524 10.003 7.337
0.01471 0.00000 7.00000 0.4500000179 2.1822810173    0.450 -1.045  3.5160  4.152    0  0.000  0.545     0.00     0.00     0.00     0.00     0.00 -1 -1.43e-14      0.00 7.107e-01 2.745e-01 2.655e-03 7.163e-04 6.496e-03 -1.000 1.476e-02 7.383 8.370 9.804 7.198
0.01471 0.00000 7.00000 0.4760716558 2.2119908333    0.476 -1.011  3.5208  4.162    0  0.000  0.545     0.00     0.00     0.00     0.00     0.00 -1 -1.49e-14      0.00 7.107e-01 2.745e-01 2.655e-03 7.163e-04 6.496e-03 -1.000 1.476e-02 7.298 8.251 9.649 7.092
0.01471 0.00000 7.00000 0.5000000000 2.2374541759    0.500 -0.979  3.5251  4.169    0  0.000  0.545     0.00     0.00     0.00     0.00     0.00 -1 -1.55e-14      0.00 7.107e-01 2.745e-01 2.655e-03 7.163e-04 6.496e-03 -1.000 1.476e-02 7.219 8.141 9.506 6.994
0.01471 0.00000 7.00000 0.5128665566 2.2503361702    0.513 -0.964  3.5277  4.174    0  0.000  0.545     0.00     0.00     0.00     0.00     0.00 -1 -1.58e-14      0.00 7.107e-01 2.745e-01 2.655e-03 7.163e-04 6.496e-03 -1.000 1.476e-02 7.179 8.083 9.427 6.943
0.01471 0.00000 7.00000 0.5434181690 2.2781331539    0.543 -0.927  3.5328  4.183    0  0.000  0.545     0.00     0.00     0.00     0.00     0.00 -1 -1.65e-14      0.00 7.107e-01 2.745e-01 2.655e-03 7.163e-04 6.496e-03 -1.000 1.476e-02 7.086 7.955 9.262 6.830
0.01471 0.00000 7.00000 0.5500000119 2.2836582661    0.550 -0.919  3.5337  4.184    0  0.000  0.545     0.00     0.00     0.00     0.00     0.00 -1 -1.67e-14      0.00 7.107e-01 2.745e-01 2.655e-03 7.163e-04 6.496e-03 -1.000 1.476e-02 7.068 7.930 9.230 6.808
0.01471 0.00000 7.00000 0.5567126870 2.2891390324    0.556 -0.911  3.5352  4.187    0  0.000  0.545     0.00     0.00     0.00     0.00     0.00 -1 -1.68e-14      0.00 7.107e-01 2.745e-01 2.655e-03 7.163e-04 6.496e-03 -1.000 1.476e-02 7.048 7.901 9.191 6.782
0.01471 0.00000 7.00000 0.5864229202 2.3116736412    0.586 -0.877  3.5405  4.197    0  0.000  0.545     0.00     0.00     0.00     0.00     0.00 -1 -1.76e-14      0.00 7.107e-01 2.745e-01 2.655e-03 7.163e-04 6.496e-03 -1.000 1.476e-02 6.962 7.779 9.030 6.675
0.01471 0.00000 7.00000 0.6000000238 2.3211214542    0.600 -0.862  3.5425  4.200    0  0.000  0.545     0.00     0.00     0.00     0.00     0.00 -1 -1.79e-14      0.00 7.107e-01 2.745e-01 2.655e-03 7.163e-04 6.496e-03 -1.000 1.476e-02 6.925 7.728 8.965 6.631
0.01471 0.00000 7.00000 0.6209546328 2.3347744942    0.621 -0.837  3.5471  4.208    0  0.000  0.545     0.00     0.00     0.00     0.00     0.00 -1 -1.85e-14      0.00 7.107e-01 2.745e-01 2.655e-03 7.163e-04 6.496e-03 -1.000 1.476e-02 6.862 7.634 8.839 6.550
0.01471 0.00000 7.00000 0.6499999762 2.3520355225    0.650 -0.804  3.5524  4.216    0  0.000  0.545     0.00     0.00     0.00     0.00     0.00 -1 -1.93e-14      0.00 7.107e-01 2.745e-01 2.655e-03 7.163e-04 6.496e-03 -1.000 1.476e-02 6.780 7.517 8.684 6.449
0.01471 0.00000 7.00000 0.6672595143 2.3614776134    0.667 -0.782  3.5564  4.222    0  0.000  0.545     0.00     0.00     0.00     0.00     0.00 -1 -1.99e-14      0.00 7.107e-01 2.745e-01 2.655e-03 7.163e-04 6.496e-03 -1.000 1.476e-02 6.725 7.436 8.576 6.380
0.01471 0.00000 7.00000 0.7000000477 2.3779268265    0.700 -0.740  3.5636  4.230    0  0.000  0.545     0.00     0.00     0.00     0.00     0.00 -1 -2.12e-14      0.00 7.107e-01 2.745e-01 2.655e-03 7.163e-04 6.496e-03 -1.000 1.476e-02 6.621 7.284 8.376 6.251
0.01471 0.00000 7.00000 0.7500000000 2.3998889923    0.750 -0.582  3.6185  4.321    0  0.000  0.538     0.00     0.00     0.00     0.00     0.00 -1 -2.66e-14      0.00 7.107e-01 2.745e-01 2.620e-03 7.153e-04 6.497e-03 -1.000 1.476e-02 6.225 6.557 7.343 5.690
0.01471 0.00000 7.00000 0.7690234184 2.4073874950    0.769 -0.564  3.6207  4.323    0  0.000  0.538     0.00     0.00     0.00     0.00     0.00 -1 -2.73e-14      0.00 7.107e-01 2.745e-01 2.620e-03 7.153e-04 6.497e-03 -1.000 1.476e-02 6.181 6.501 7.277 5.641
0.01471 0.00000 7.00000 0.8000000119 2.4187245369    0.800 -0.532  3.6243  4.322    0  0.000  0.538     0.00     0.00     0.00     0.00     0.00 -1 -2.89e-14      0.00 7.107e-01 2.745e-01 2.620e-03 7.153e-04 6.497e-03 -1.000 1.476e-02 6.099 6.400 7.159 5.551
0.01471 0.00000 7.00000 0.8286339045 2.4283418655    0.828 -0.503  3.6282  4.324    0  0.000  0.538     0.00     0.00     0.00     0.00     0.00 -1 -3.02e-14      0.00 7.107e-01 2.745e-01 2.620e-03 7.153e-04 6.497e-03 -1.000 1.476e-02 6.027 6.307 7.049 5.469
0.01471 0.00000 7.00000 0.8500000238 2.4350347519    0.850 -0.478  3.6311  4.322    0  0.000  0.538     0.00     0.00     0.00     0.00     0.00 -1 -3.17e-14      0.00 7.107e-01 2.745e-01 2.620e-03 7.153e-04 6.497e-03 -1.000 1.476e-02 5.965 6.230 6.958 5.401
0.01471 0.00000 7.00000 0.8908511400 2.4468095303    0.890 -0.430  3.6374  4.319    0  0.000  0.538     0.00     0.00     0.00     0.00     0.00 -1 -3.47e-14      0.00 7.107e-01 2.745e-01 2.620e-03 7.153e-04 6.497e-03 -1.000 1.476e-02 5.844 6.076 6.774 5.267
0.01471 0.00000 7.00000 0.8999999762 2.4492788315    0.899 -0.419  3.6389  4.318    0  0.000  0.538     0.00     0.00     0.00     0.00     0.00 -1 -3.54e-14      0.00 7.107e-01 2.745e-01 2.620e-03 7.153e-04 6.497e-03 -1.000 1.476e-02 5.816 6.041 6.732 5.236
0.01471 0.00000 7.00000 0.9269082546 2.4562170506    0.926 -0.388  3.6432  4.317    0  0.000  0.538     0.00     0.00     0.00     0.00     0.00 -1 -3.75e-14      0.00 7.107e-01 2.745e-01 2.620e-03 7.153e-04 6.497e-03 -1.000 1.476e-02 5.740 5.942 6.615 5.150
0.01471 0.00000 7.00000 0.9499999881 2.4618122578    0.950 -0.358  3.6472  4.315    0  0.000  0.538     0.00     0.00     0.00     0.00     0.00 -1 -3.98e-14      0.00 7.107e-01 2.745e-01 2.620e-03 7.153e-04 6.497e-03 -1.000 1.476e-02 5.666 5.848 6.503 5.068
0.01471 0.00000 7.00000 0.9896019101 2.4707126617    0.990 -0.310  3.6542  4.313    0  0.000  0.538     0.00     0.00     0.00     0.00     0.00 -1 -4.37e-14      0.00 7.107e-01 2.745e-01 2.620e-03 7.153e-04 6.497e-03 -1.000 1.476e-02 5.545 5.693 6.320 4.933
0.01471 0.00000 7.00000 1.0000000000 2.4729156494    1.000 -0.296  3.6562  4.311    0  0.000  0.538     0.00     0.00     0.00     0.00     0.00 -1 -4.49e-14      0.00 7.107e-01 2.745e-01 2.620e-03 7.153e-04 6.497e-03 -1.000 1.476e-02 5.511 5.650 6.268 4.895
0.01471 0.00000 7.00000 1.0499999523 2.4828116894    1.050 -0.236  3.6658  4.310    0  0.000  0.538     0.00     0.00     0.00     0.00     0.00 -1 -4.66e-14      0.00 7.107e-01 2.745e-01 2.620e-03 7.153e-04 6.497e-03 -1.000 1.476e-02 5.359 5.456 6.039 4.728
0.01471 0.00000 7.00000 1.0606495142 2.4847812653    1.060 -0.221  3.6680  4.309    0  0.000  0.538     0.00     0.00     0.00     0.00     0.00 -1  -4.7e-14      0.00 7.107e-01 2.745e-01 2.620e-03 7.153e-04 6.497e-03 -1.000 1.476e-02 5.324 5.412 5.987 4.690
0.01471 0.00000 7.00000 1.0928219557 2.4904644489    1.092 -0.171  3.6757  4.303    0  0.000  0.538     0.00     0.00     0.00     0.00     0.00 -1 -4.97e-14      0.00 7.107e-01 2.745e-01 2.620e-03 7.153e-04 6.497e-03 -1.000 1.476e-02 5.199 5.257 5.806 4.556
0.01471 0.00000 7.00000 1.1000000238 2.4916803837    1.099 -0.160  3.6775  4.301    0  0.000  0.538     0.00     0.00     0.00     0.00     0.00 -1 -5.03e-14      0.00 7.107e-01 2.745e-01 2.620e-03 7.153e-04 6.497e-03 -1.000 1.476e-02 5.170 5.222 5.765 4.526
0.01471 0.00000 7.00000 1.1445670128 2.4988389015    1.144 -0.093  3.6880  4.293    0  0.000  0.538     0.00     0.00     0.00     0.00     0.00 -1 -5.37e-14      0.00 7.107e-01 2.745e-01 2.620e-03 7.153e-04 6.497e-03 -1.000 1.476e-02 5.002 5.019 5.530 4.350
0.01471 0.00000 7.00000 1.1499999762 2.4996678829    1.149 -0.084  3.6894  4.292    0  0.000  0.538     0.00     0.00     0.00     0.00     0.00 -1 -5.43e-14      0.00 7.107e-01 2.745e-01 2.620e-03 7.153e-04 6.497e-03 -1.000 1.476e-02 4.979 4.992 5.498 4.326
0.01471 0.00000 7.00000 1.2000000477 2.5068950653    1.200 -0.003  3.7018  4.280    0  0.000  0.538     0.00     0.00     0.00     0.00     0.00 -1 -5.88e-14      0.00 7.107e-01 2.745e-01 2.620e-03 7.153e-04 6.497e-03 -1.000 1.476e-02 4.778 4.756 5.227 4.121
0.01471 0.00000 7.00000 1.2108978033 2.5083794594    1.210  0.014  3.7045  4.276    0  0.000  0.538     0.00     0.00     0.00     0.00     0.00 -1 -5.98e-14      0.00 7.107e-01 2.745e-01 2.620e-03 7.153e-04 6.497e-03 -1.000 1.476e-02 4.734 4.705 5.169 4.076
0.01471 0.00000 7.00000 1.2500000000 2.5134611130    1.250  0.084  3.7148  4.262    0  0.000  0.538     0.00     0.00     0.00     0.00     0.00 -1 -6.47e-14      0.00 7.107e-01 2.745e-01 2.620e-03 7.153e-04 6.497e-03 -1.000 1.476e-02 4.560 4.507 4.945 3.901
0.01471 0.00000 7.00000 1.2700786591 2.5159313679    1.270  0.121  3.7201  4.253    0  0.000  0.538     0.00     0.00     0.00     0.00     0.00 -1 -6.73e-14      0.00 7.107e-01 2.745e-01 2.620e-03 7.153e-04 6.497e-03 -1.000 1.476e-02 4.467 4.402 4.827 3.809
0.01471 0.00000 7.00000 1.2999999523 2.5194499493    1.300  0.181  3.7284  4.237    0  0.000  0.538     0.00     0.00     0.00     0.00     0.00 -1 -7.25e-14      0.00 7.107e-01 2.745e-01 2.620e-03 7.153e-04 6.497e-03 -1.000 1.476e-02 4.318 4.238 4.645 3.663
0.01471 0.00000 7.00000 1.3240243196 2.5221431255    1.324  0.231  3.7351  4.221    0  0.000  0.538     0.00     0.00     0.00     0.00     0.00 -1 -7.69e-14      0.00 7.107e-01 2.745e-01 2.620e-03 7.153e-04 6.497e-03 -1.000 1.476e-02 4.193 4.102 4.493 3.542
0.01471 0.00000 7.00000 1.3499999046 2.5249314308    1.350  0.290  3.7427  4.201    0  0.000  0.538     0.00     0.00     0.00     0.00     0.00 -1 -8.33e-14      0.00 7.107e-01 2.745e-01 2.620e-03 7.153e-04 6.497e-03 -1.000 1.476e-02 4.045 3.944 4.318 3.400
0.01471 0.00000 7.00000 1.3689589500 2.5268900394    1.369  0.336  3.7482  4.184    0  0.000  0.538     0.00     0.00     0.00     0.00     0.00 -1 -8.83e-14      0.00 7.107e-01 2.745e-01 2.620e-03 7.153e-04 6.497e-03 -1.000 1.476e-02 3.931 3.824 4.185 3.293
0.01471 0.00000 7.00000 1.3999999762 2.5299651623    1.400  0.417  3.7577  4.150    0  0.000  0.538     0.00     0.00     0.00     0.00     0.00 -1 -9.95e-14      0.00 7.107e-01 2.745e-01 2.620e-03 7.153e-04 6.497e-03 -1.000 1.476e-02 3.727 3.611 3.951 3.102
0.01471 0.00000 7.00000 1.4047260284 2.5304195881    1.405  0.430  3.7592  4.144    0  0.000  0.538     0.00     0.00     0.00     0.00     0.00 -1 -1.01e-13      0.00 7.107e-01 2.745e-01 2.619e-03 7.153e-04 6.497e-03 -1.000 1.476e-02 3.694 3.577 3.913 3.072
0.01471 0.00000 7.00000 1.4286680222 2.5326693058    1.429  0.501  3.7669  4.112    0  0.000  0.538     0.00     0.00     0.00     0.00     0.00 -1 -1.12e-13      0.00 7.107e-01 2.745e-01 2.619e-03 7.153e-04 6.497e-03 -1.000 1.476e-02 3.517 3.395 3.714 2.908
0.01471 0.00000 7.00000 1.4500000477 2.5346016884    1.450  0.568  3.7742  4.080    0  0.000  0.538     0.00     0.00     0.00     0.00     0.00 -1 -1.25e-13      0.00 7.107e-01 2.745e-01 2.619e-03 7.153e-04 6.497e-03 -1.000 1.476e-02 3.350 3.223 3.526 2.754
0.01471 0.00000 7.00000 1.4673675299 2.5361273289    1.468  0.624  3.7804  4.054    0  0.000  0.538     0.00     0.00     0.00     0.00     0.00 -1 -1.35e-13      0.00 7.107e-01 2.745e-01 2.619e-03 7.153e-04 6.497e-03 -1.000 1.476e-02 3.210 3.081 3.370 2.627
0.01471 0.00000 7.00000 1.4870698452 2.5378086567    1.487  0.687  3.7878  4.027    0  0.000  0.538     0.00     0.00     0.00     0.00     0.00 -1 -1.46e-13      0.00 7.107e-01 2.745e-01 2.619e-03 7.153e-04 6.497e-03 -1.000 1.476e-02 3.052 2.922 3.196 2.486
0.01471 0.00000 7.00000 1.5000000000 2.5388846397    1.500  0.728  3.7930  4.010    0  0.000  0.538     0.00     0.00     0.00     0.00     0.00 -1 -1.54e-13      0.00 7.107e-01 2.745e-01 2.619e-03 7.153e-04 6.497e-03 -1.000 1.476e-02 2.951 2.820 3.084 2.397
0.01471 0.00000 7.00000 1.5066205263 2.5394272804    1.507  0.748  3.7957  4.002    0  0.000  0.538     0.00     0.00     0.00     0.00     0.00 -1 -1.56e-13      0.00 7.107e-01 2.745e-01 2.619e-03 7.153e-04 6.497e-03 -1.000 1.476e-02 2.899 2.768 3.026 2.351
0.01471 0.00000 7.00000 1.5275973082 2.5411109924    1.528  0.812  3.8049  3.982    0  0.000  0.538     0.00     0.00     0.00     0.00     0.00 -1 -1.63e-13      0.00 7.107e-01 2.745e-01 2.619e-03 7.153e-04 6.497e-03 -1.000 1.476e-02 2.740 2.609 2.849 2.216
0.01471 0.00000 7.00000 1.5445895195 2.5424363613    1.545  0.861  3.8132  3.971    0  0.000  0.538     0.00     0.00     0.00     0.00     0.00 -1 -1.67e-13      0.00 7.107e-01 2.745e-01 2.619e-03 7.153e-04 6.497e-03 -1.000 1.476e-02 2.618 2.488 2.711 2.115
0.01471 0.00000 7.00000 1.5499999523 2.5428512096    1.550  0.875  3.8162  3.970    0  0.000  0.538     0.00     0.00     0.00     0.00     0.00 -1 -1.67e-13      0.00 7.107e-01 2.745e-01 2.619e-03 7.153e-04 6.497e-03 -1.000 1.476e-02 2.582 2.452 2.670 2.086
0.01471 0.00000 7.00000 1.5619094372 2.5437531471    1.562  0.906  3.8231  3.970    0  0.000  0.538     0.00     0.00     0.00     0.00     0.00 -1 -1.63e-13      0.00 7.107e-01 2.745e-01 2.619e-03 7.153e-04 6.497e-03 -1.000 1.476e-02 2.504 2.374 2.580 2.025
0.01471 0.00000 7.00000 1.5773036480 2.5448956490    1.577  0.942  3.8333  3.979    0  0.000  0.538     0.00     0.00     0.00     0.00     0.00 -1 -1.53e-13      0.00 7.107e-01 2.745e-01 2.619e-03 7.153e-04 6.497e-03 -1.000 1.476e-02 2.416 2.288 2.476 1.962
0.01471 0.00000 7.00000 1.5953429937 2.5462024212    1.595  0.975  3.8470  4.006    0  0.000  0.538     0.00     0.00     0.00     0.00     0.00 -1 -1.39e-13      0.00 7.107e-01 2.745e-01 2.619e-03 7.153e-04 6.497e-03 -1.000 1.476e-02 2.332 2.208 2.374 1.915
0.01471 0.00000 7.00000 1.6000000238 2.5465342999    1.600  0.983  3.8508  4.014    0  0.000  0.538     0.00     0.00     0.00     0.00     0.00 -1 -1.35e-13      0.00 7.107e-01 2.745e-01 2.619e-03 7.153e-04 6.496e-03 -1.000 1.476e-02 2.313 2.189 2.350 1.906
0.01471 0.00000 7.00000 1.6000738144 2.5465395451    1.600  0.983  3.8509  4.014    0  0.000  0.538     0.00     0.00     0.00     0.00     0.00 -1 -1.34e-13      0.00 7.107e-01 2.745e-01 2.619e-03 7.153e-04 6.496e-03 -1.000 1.476e-02 2.312 2.189 2.349 1.905
0.01471 0.00000 7.00000 1.6043994427 2.5468456745    1.604  0.989  3.8545  4.024    0  0.000  0.538     0.00     0.00     0.00     0.00     0.00 -1 -1.27e-13      0.00 7.107e-01 2.745e-01 2.619e-03 7.153e-04 6.496e-03 -1.000 1.476e-02 2.297 2.176 2.330 1.901
0.01471 0.00000 7.00000 1.6184946299 2.5478303432    1.618  0.993  3.8633  4.060    0  0.000  0.538     0.00     0.00     0.00     0.00     0.00 -1 -1.01e-13      0.00 7.107e-01 2.745e-01 2.619e-03 7.153e-04 6.496e-03 -1.000 1.476e-02 2.289 2.172 2.313 1.918
0.01471 0.00000 7.00000 1.6409349442 2.5493581295    1.640  0.979  3.8727  4.117    0  0.000  0.538     0.00     0.00     0.00     0.00     0.00 -1 -6.67e-14      0.00 7.107e-01 2.745e-01 2.619e-03 7.153e-04 6.496e-03 -1.000 1.476e-02 2.323 2.214 2.342 1.982
0.01471 0.00000 7.00000 1.6500000954 2.5499615669    1.649  0.966  3.8744  4.139    0  0.000  0.538     0.00     0.00     0.00     0.00     0.00 -1 -5.57e-14      0.00 7.107e-01 2.745e-01 2.619e-03 7.153e-04 6.496e-03 -1.000 1.476e-02 2.355 2.247 2.373 2.019
0.01471 0.00000 7.00000 1.6588680744 2.5505447388    1.658  0.950  3.8750  4.159    0  0.000  0.538     0.00     0.00     0.00     0.00     0.00 -1 -5.12e-17      0.00 7.107e-01 2.745e-01 2.619e-03 7.153e-04 6.496e-03 -1.000 1.476e-02 2.395 2.288 2.413 2.061
0.01471 0.00000 7.00000 1.6711912155 2.5513432026    1.670  0.926  3.8741  4.183    0  0.000  0.538     0.00     0.00     0.00     0.00     0.00 -1 -3.45e-21      0.00 7.107e-01 2.745e-01 2.619e-03 7.152e-04 6.496e-03 -1.000 1.476e-02 2.454 2.348 2.475 2.118
0.01471 0.00000 7.00000 1.6842001677 2.5521717072    1.683  0.906  3.8729  4.202    0  0.000  0.538     0.00     0.00     0.00     0.00     0.00 -1 -1.57e-25      0.00 7.107e-01 2.745e-01 2.619e-03 7.152e-04 6.496e-03 -1.000 1.476e-02 2.506 2.400 2.529 2.166
0.01471 0.00000 7.00000 1.7000000477 2.5531582832    1.699  0.896  3.8725  4.214    0  0.000  0.538     0.00     0.00     0.00     0.00     0.00 -1    -1e-30      0.00 7.107e-01 2.745e-01 2.619e-03 7.152e-04 6.496e-03 -1.000 1.476e-02 2.530 2.424 2.554 2.189
0.01471 0.00000 7.00000 1.7062699795 2.5535438061    1.705  0.892  3.8724  4.219    0  0.000  0.538     0.00     0.00     0.00     0.00     0.00 -1    -1e-30      0.00 7.107e-01 2.745e-01 2.619e-03 7.152e-04 6.496e-03 -1.000 1.476e-02 2.539 2.434 2.564 2.198
0.01471 0.00000 7.00000 1.7297837734 2.5549616814    1.729  0.898  3.8744  4.227    0  0.000  0.538     0.00     0.00     0.00     0.00     0.00 -1    -1e-30      0.00 7.107e-01 2.745e-01 2.619e-03 7.152e-04 6.496e-03 -1.000 1.476e-02 2.524 2.420 2.547 2.189
0.01471 0.00000 7.00000 1.7500000000 2.5561456680    1.749  0.931  3.8811  4.226    0  0.000  0.538     0.00     0.00     0.00     0.00     0.00 -1    -1e-30      0.00 7.107e-01 2.745e-01 2.619e-03 7.152e-04 6.496e-03 -1.000 1.476e-02 2.442 2.342 2.459 2.128
0.01471 0.00000 7.00000 1.7655029297 2.5570325851    1.764  0.956  3.8862  4.226    0  0.000  0.538     0.00     0.00     0.00     0.00     0.00 -1    -1e-30      0.00 7.107e-01 2.745e-01 2.619e-03 7.152e-04 6.496e-03 -1.000 1.476e-02 2.381 2.285 2.394 2.083
0.01471 0.00000 7.00000 1.7968057394 2.5587697029    1.796  1.014  3.8997  4.229    0  0.000  0.538     0.00     0.00     0.00     0.00     0.00 -1    -1e-30      0.00 7.107e-01 2.745e-01 2.619e-03 7.152e-04 6.496e-03 -1.000 1.476e-02 2.235 2.152 2.241 1.984
0.01471 0.00000 7.00000 1.7999998331 2.5589430332    1.799  1.020  3.9014  4.230    0  0.000  0.538     0.00     0.00     0.00     0.00     0.00 -1    -1e-30      0.00 7.107e-01 2.745e-01 2.619e-03 7.152e-04 6.496e-03 -1.000 1.476e-02 2.219 2.138 2.225 1.975
0.01471 0.00000 7.00000 1.8316435814 2.5606229305    1.830  1.085  3.9194  4.244    0  0.000  0.538     0.00     0.00     0.00     0.00     0.00 -1    -1e-30      0.00 7.107e-01 2.745e-01 2.619e-03 7.152e-04 6.496e-03 -1.000 1.476e-02 2.056 2.000 2.063 1.883
0.01471 0.00000 7.00000 1.8499999046 2.5615673065    1.849  1.124  3.9312  4.257    0  0.000  0.538     0.00     0.00     0.00     0.00     0.00 -1    -1e-30      0.00 7.107e-01 2.745e-01 2.619e-03 7.152e-04 6.496e-03 -1.000 1.476e-02 1.959 1.926 1.974 1.837
0.01471 0.00000 7.00000 1.8567665815 2.5619099140    1.856  1.138  3.9356  4.263    0  0.000  0.538     0.00     0.00     0.00     0.00     0.00 -1    -1e-30      0.00 7.107e-01 2.745e-01 2.619e-03 7.152e-04 6.496e-03 -1.000 1.476e-02 1.924 1.902 1.944 1.822
0.01471 0.00000 7.00000 1.8939669132 2.5637435913    1.893  1.194  3.9560  4.298    0  0.000  0.538     0.00     0.00     0.00     0.00     0.00 -1    -1e-30      0.00 7.107e-01 2.745e-01 2.619e-03 7.152e-04 6.496e-03 -1.000 1.475e-02 1.786 1.823 1.845 1.782
0.01471 0.00000 7.00000 1.8999999762 2.5640332699    1.899  1.193  3.9561  4.300    0  0.000  0.538     0.00     0.00     0.00     0.00     0.00 -1    -1e-30      0.00 7.108e-01 2.745e-01 2.619e-03 7.152e-04 6.496e-03 -1.000 1.474e-02 1.789 1.826 1.848 1.784
0.01471 0.00000 7.00000 1.9158891439 2.5647859573    1.915  1.206  3.9625  4.316    0  0.000  0.538     0.00     0.00     0.00     0.00     0.00 -1    -1e-30      0.00 7.108e-01 2.745e-01 2.619e-03 7.152e-04 6.496e-03 -1.000 1.474e-02 1.754 1.813 1.830 1.782
0.01471 0.00000 7.00000 1.9500000477 2.5663545132    1.950  1.222  3.9698  4.337    0  0.000  0.538     0.00     0.00     0.00     0.00     0.00 -1    -1e-30      0.00 7.108e-01 2.745e-01 2.619e-03 7.152e-04 6.496e-03 -1.000 1.476e-02 1.715 1.801 1.813 1.781
0.01471 0.00000 7.00000 1.9702948332 2.5672578812    1.970  1.233  3.9742  4.349    0  0.000  0.538     0.00     0.00     0.00     0.00     0.00 -1    -1e-30      0.00 7.108e-01 2.745e-01 2.619e-03 7.152e-04 6.496e-03 -1.000 1.476e-02 1.688 1.793 1.801 1.778
0.01471 0.00000 7.00000 2.0000000000 2.5685424805    2.000  1.251  3.9787  4.355    0  0.000  0.538     0.00     0.00     0.00     0.00     0.00 -1    -1e-30      0.00 7.108e-01 2.745e-01 2.619e-03 7.151e-04 6.495e-03 -1.000 1.476e-02 1.643 1.765 1.770 1.757
0.01471 0.00000 7.00000 2.0398905277 2.5702002048    2.040  1.271  3.9839  4.364    0  0.000  0.538     0.00     0.00     0.00     0.00     0.00 -1    -1e-30      0.00 7.108e-01 2.744e-01 2.619e-03 7.151e-04 6.495e-03 -1.000 1.476e-02 1.593 1.738 1.739 1.736
0.01471 0.00000 7.00000 2.0499999523 2.5706083775    2.050  1.279  3.9856  4.365    0  0.000  0.538     0.00     0.00     0.00     0.00     0.00 -1    -1e-30      0.00 7.108e-01 2.744e-01 2.619e-03 7.151e-04 6.495e-03 -1.000 1.476e-02 1.572 1.724 1.724 1.725
0.01471 0.00000 7.00000 2.0999999046 2.5725615025    2.099  1.321  3.9937  4.365    0  0.000  0.538     0.00     0.00     0.00     0.00     0.00 -1    -1e-30      0.00 7.108e-01 2.744e-01 2.619e-03 7.151e-04 6.495e-03 -1.000 1.476e-02 1.467 1.654 1.649 1.665
0.01471 0.00000 7.00000 2.1500000954 2.5744106770    2.149  1.362  4.0016  4.366    0  0.000  0.538     0.00     0.00     0.00     0.00     0.00 -1    -1e-30      0.00 7.108e-01 2.744e-01 2.619e-03 7.151e-04 6.495e-03 -1.000 1.476e-02 1.364 1.588 1.578 1.607
0.01471 0.00000 7.00000 2.2000000477 2.5761635303    2.199  1.402  4.0093  4.367    0  0.000  0.538     0.00     0.00     0.00     0.00     0.00 -1    -1e-30      0.00 7.108e-01 2.744e-01 2.619e-03 7.150e-04 6.495e-03 -1.000 1.476e-02 1.264 1.523 1.510 1.551
0.01471 0.00000 7.00000 2.2500000000 2.5778269768    2.249  1.441  4.0167  4.367    0  0.000  0.538     0.00     0.00     0.00     0.00     0.00 -1    -1e-30      0.00 7.108e-01 2.744e-01 2.619e-03 7.150e-04 6.494e-03 -1.000 1.476e-02 1.167 1.461 1.444 1.495
0.01471 0.00000 7.00000 2.2999999523 2.5794074535    2.299  1.479  4.0238  4.368    0  0.000  0.538     0.00     0.00     0.00     0.00     0.00 -1    -1e-30      0.00 7.109e-01 2.744e-01 2.619e-03 7.151e-04 6.494e-03 -1.000 1.476e-02 1.072 1.401 1.380 1.442
0.01471 0.00000 7.00000 2.4000000954 2.5823426247    2.399  1.551  4.0373  4.368    0  0.000  0.538     0.00     0.00     0.00     0.00     0.00 -1    -1e-30      0.00 7.108e-01 2.744e-01 2.619e-03 7.150e-04 6.494e-03 -1.000 1.476e-02 0.891 1.287 1.260 1.339
0.01471 0.00000 7.00000 2.5999999046 2.5874414444    2.600  1.686  4.0620  4.367    0  0.000  0.538     0.00     0.00     0.00     0.00     0.00 -1    -1e-30      0.00 7.107e-01 2.745e-01 2.620e-03 7.154e-04 6.497e-03 -1.000 1.476e-02 0.555 1.075 1.038 1.145
0.01471 0.00000 7.00000 2.7361080647 2.5904254913    2.736  1.772  4.0772  4.364    1  0.000  0.538     0.00     0.00     0.00     0.00     0.00 -1    -1e-30      0.00 7.107e-01 2.745e-01 2.620e-03 7.154e-04 6.497e-03 -1.000 1.476e-02 0.341 0.940 0.897 1.019
0.01471 0.00000 7.00000 2.7999999523 2.5917119980    2.800  1.810  4.0841  4.363    1  0.000  0.538     0.00     0.00     0.00     0.00     0.00 -1    -1e-30      0.00 7.107e-01 2.745e-01 2.620e-03 7.154e-04 6.497e-03 -1.000 1.476e-02 0.244 0.879 0.834 0.963
0.01471 0.00000 7.00000 2.9979236126 2.5952994823    2.998  1.924  4.1040  4.358    1  0.000  0.538     0.00     0.00     0.00     0.00     0.00 -1    -1e-30      0.00 7.107e-01 2.745e-01 2.620e-03 7.154e-04 6.497e-03 -1.000 1.476e-02 -0.041 0.700 0.649 0.796
0.01471 0.00000 7.00000 3.0000000000 2.5953342915    3.000  1.926  4.1042  4.358    1  0.000  0.538     0.00     0.00     0.00     0.00     0.00 -1    -1e-30      0.00 7.107e-01 2.745e-01 2.620e-03 7.154e-04 6.497e-03 -1.000 1.476e-02 -0.044 0.698 0.647 0.794
0.01471 0.00000 7.00000 3.2000000477 2.5984411240    3.199  2.032  4.1226  4.353    0  0.000  0.538     0.00     0.00     0.00     0.00     0.00 -1    -1e-30      0.00 7.107e-01 2.745e-01 2.620e-03 7.154e-04 6.497e-03 -1.000 1.476e-02 -0.311 0.533 0.476 0.640
0.01471 0.00000 7.00000 3.4000000954 2.6011312008    3.398  2.132  4.1395  4.347    1  0.000  0.538     0.00     0.00     0.00     0.00     0.00 -1    -1e-30      0.00 7.107e-01 2.745e-01 2.620e-03 7.154e-04 6.497e-03 -1.000 1.476e-02 -0.561 0.378 0.315 0.493
0.01471 0.00000 7.00000 3.5999999046 2.6034805775    3.598  2.226  4.1549  4.340    1  0.000  0.538     0.00     0.00     0.00     0.00     0.00 -1    -1e-30      0.00 7.107e-01 2.745e-01 2.620e-03 7.154e-04 6.497e-03 -1.000 1.476e-02 -0.795 0.232 0.164 0.356
0.01471 0.00000 7.00000 3.7494845390 2.6050496101    3.747  2.292  4.1660  4.335    1  0.000  0.538     0.00     0.00     0.00     0.00     0.00 -1    -1e-30      0.00 7.107e-01 2.745e-01 2.620e-03 7.154e-04 6.497e-03 -1.000 1.476e-02 -0.961 0.129 0.059 0.260
0.01471 0.00000 7.00000 3.7999999523 2.6055479050    3.798  2.314  4.1697  4.334    1  0.000  0.538     0.00     0.00     0.00     0.00     0.00 -1    -1e-30      0.00 7.107e-01 2.745e-01 2.620e-03 7.154e-04 6.497e-03 -1.000 1.476e-02 -1.016 0.095 0.024 0.228
0.01471 0.00000 7.00000 4.0000000000 2.6073791981    4.001  2.397  4.1831  4.327    1  0.000  0.538     0.00     0.00     0.00     0.00     0.00 -1    -1e-30      0.00 7.107e-01 2.745e-01 2.620e-03 7.154e-04 6.497e-03 -1.000 1.476e-02 -1.223 -0.034 -0.110 0.106
0.01471 0.00000 7.00000 4.1999998093 2.6090114117    4.198  2.477  4.1961  4.321    1  0.000  0.538     0.00     0.00     0.00     0.00     0.00 -1    -1e-30      0.00 7.107e-01 2.745e-01 2.620e-03 7.154e-04 6.497e-03 -1.000 1.476e-02 -1.422 -0.156 -0.235 -0.008
0.01471 0.00000 7.00000 4.4000000954 2.6104743481    4.397  2.552  4.2081  4.314    1  0.000  0.538     0.00     0.00     0.00     0.00     0.00 -1    -1e-30      0.00 7.107e-01 2.745e-01 2.620e-03 7.154e-04 6.497e-03 -1.000 1.476e-02 -1.609 -0.273 -0.356 -0.119
0.01471 0.00000 7.00000 4.5999999046 2.6117916107    4.597  2.623  4.2194  4.307    1  0.000  0.538     0.00     0.00     0.00     0.00     0.00 -1    -1e-30      0.00 7.107e-01 2.745e-01 2.620e-03 7.154e-04 6.497e-03 -1.000 1.476e-02 -1.788 -0.386 -0.472 -0.225
0.01471 0.00000 7.00000 4.8000001907 2.6129837036    4.798  2.692  4.2303  4.300    1  0.000  0.538     0.00     0.00     0.00     0.00     0.00 -1    -1e-30      0.00 7.107e-01 2.745e-01 2.620e-03 7.154e-04 6.497e-03 -1.000 1.476e-02 -1.960 -0.493 -0.583 -0.326
0.01471 0.00000 7.00000 5.0000000000 2.6140668392    4.999  2.757  4.2401  4.292    1  0.000  0.538     0.00     0.00     0.00     0.00     0.00 -1    -1e-30      0.00 7.107e-01 2.745e-01 2.620e-03 7.154e-04 6.497e-03 -1.000 1.476e-02 -2.122 -0.598 -0.690 -0.426
0.01471 0.00000 7.00000 5.0192370415 2.6141657829    5.018  2.763  4.2411  4.292    1  0.000  0.538     0.00     0.00     0.00     0.00     0.00 -1    -1e-30      0.00 7.107e-01 2.745e-01 2.620e-03 7.154e-04 6.497e-03 -1.000 1.476e-02 -2.138 -0.608 -0.700 -0.435
0.01471 0.00000 7.00000 5.1999998093 2.6150546074    5.200  2.820  4.2498  4.285    1  0.000  0.538     0.00     0.00     0.00     0.00     0.00 -1    -1e-30      0.00 7.107e-01 2.745e-01 2.620e-03 7.154e-04 6.497e-03 -1.000 1.476e-02 -2.279 -0.698 -0.793 -0.520
0.01471 0.00000 7.00000 5.3999996185 2.6159586906    5.401  2.880  4.2592  4.279    1  0.000  0.538     0.00     0.00     0.00     0.00     0.00 -1    -1e-30      0.00 7.107e-01 2.745e-01 2.620e-03 7.154e-04 6.497e-03 -1.000 1.476e-02 -2.431 -0.795 -0.892 -0.611
0.01471 0.00000 7.00000 5.5999994278 2.6167888641    5.601  2.939  4.2681  4.272    1  0.000  0.538     0.00     0.00     0.00     0.00     0.00 -1    -1e-30      0.00 7.107e-01 2.745e-01 2.620e-03 7.154e-04 6.497e-03 -1.000 1.476e-02 -2.576 -0.888 -0.989 -0.700
0.01471 0.00000 7.00000 5.8000001907 2.6175537109    5.801  2.995  4.2765  4.265    1  0.000  0.538     0.00     0.00     0.00     0.00     0.00 -1    -1e-30      0.00 7.107e-01 2.745e-01 2.620e-03 7.154e-04 6.497e-03 -1.000 1.476e-02 -2.716 -0.980 -1.082 -0.787
0.01471 0.00000 7.00000 6.0000000000 2.6182601452    6.000  3.049  4.2846  4.258    1  0.000  0.538     0.00     0.00     0.00     0.00     0.00 -1    -1e-30      0.00 7.107e-01 2.745e-01 2.620e-03 7.154e-04 6.497e-03 -1.000 1.476e-02 -2.852 -1.068 -1.173 -0.870
0.01471 0.00000 7.00000 6.1999998093 2.6189143658    6.200  3.101  4.2925  4.251    1  0.000  0.538     0.00     0.00     0.00     0.00     0.00 -1    -1e-30      0.00 7.107e-01 2.745e-01 2.620e-03 7.154e-04 6.497e-03 -1.000 1.476e-02 -2.983 -1.154 -1.261 -0.952
0.01471 0.00000 7.00000 6.4000000954 2.6195218563    6.399  3.152  4.2999  4.244    1  0.000  0.538     0.00     0.00     0.00     0.00     0.00 -1    -1e-30      0.00 7.107e-01 2.745e-01 2.620e-03 7.154e-04 6.497e-03 -1.000 1.476e-02 -3.109 -1.237 -1.347 -1.031
0.01471 0.00000 7.00000 7.0000000000 2.6211071014    6.996  3.295  4.3208  4.223    1  0.000  0.538     0.00     0.00     0.00     0.00     0.00 -1    -1e-30      0.00 7.107e-01 2.745e-01 2.620e-03 7.154e-04 6.497e-03 -1.000 1.476e-02 -3.467 -1.477 -1.592 -1.259
0.01471 0.00000 7.00000 7.1838927269 2.6215324402    7.181  3.336  4.3266  4.217    1  0.000  0.538     0.00     0.00     0.00     0.00     0.00 -1    -1e-30      0.00 7.107e-01 2.745e-01 2.620e-03 7.154e-04 6.497e-03 -1.000 1.476e-02 -3.569 -1.546 -1.663 -1.325
0.01471 0.00000 7.00000 7.8310551643 2.6228482723    7.831  3.474  4.3461  4.194    1  0.000  0.538     0.00     0.00     0.00     0.00     0.00 -1    -1e-30      0.00 7.107e-01 2.745e-01 2.620e-03 7.154e-04 6.497e-03 -1.000 1.476e-02 -3.914 -1.783 -1.905 -1.552
0.01471 0.00000 7.00000 8.0000000000 2.6231517792    8.001  3.508  4.3508  4.188    1  0.000  0.538     0.00     0.00     0.00     0.00     0.00 -1    -1e-30      0.00 7.107e-01 2.745e-01 2.620e-03 7.154e-04 6.497e-03 -1.000 1.476e-02 -4.001 -1.844 -1.967 -1.610
0.01471 0.00000 7.00000 8.1143121719 2.6233489513    8.115  3.531  4.3539  4.184    1  0.000  0.538     0.00     0.00     0.00     0.00     0.00 -1    -1e-30      0.00 7.107e-01 2.745e-01 2.620e-03 7.154e-04 6.497e-03 -1.000 1.476e-02 -4.057 -1.883 -2.007 -1.648
0.01471 0.00000 7.00000 8.7614231110 2.6243541241    8.757  3.655  4.3703  4.159    1  0.000  0.538     0.00     0.00     0.00     0.00     0.00 -1    -1e-30      0.00 7.107e-01 2.745e-01 2.620e-03 7.154e-04 6.497e-03 -1.000 1.476e-02 -4.367 -2.104 -2.232 -1.860
0.01471 0.00000 7.00000 9.0000000000 2.6246831417    8.995  3.699  4.3760  4.149    1  0.000  0.538     0.00     0.00     0.00     0.00     0.00 -1    -1e-30      0.00 7.107e-01 2.745e-01 2.620e-03 7.154e-04 6.497e-03 -1.000 1.476e-02 -4.478 -2.184 -2.314 -1.938
0.01471 0.00000 7.00000 9.1375169754 2.6248638630    9.133  3.724  4.3790  4.143    1  0.000  0.538     0.00     0.00     0.00     0.00     0.00 -1    -1e-30      0.00 7.107e-01 2.745e-01 2.620e-03 7.154e-04 6.497e-03 -1.000 1.476e-02 -4.539 -2.229 -2.359 -1.981
0.01471 0.00000 7.00000 9.7016201019 2.6255435944    9.698  3.821  4.3910  4.119    1  0.000  0.538     0.00     0.00     0.00     0.00     0.00 -1    -1e-30      0.00 7.107e-01 2.745e-01 2.620e-03 7.154e-04 6.497e-03 -1.000 1.476e-02 -4.783 -2.410 -2.543 -2.156
0.01471 0.00000 7.00000 10.0000000000 2.6258678436    9.998  3.872  4.3969  4.106    1  0.000  0.538     0.00     0.00     0.00     0.00     0.00 -1    -1e-30      0.00 7.107e-01 2.745e-01 2.620e-03 7.154e-04 6.497e-03 -1.000 1.476e-02 -4.909 -2.504 -2.639 -2.248
0.01471 0.00000 7.00000 10.1542730331 2.6260268688   10.153  3.897  4.3998  4.099    1  0.000  0.538     0.00     0.00     0.00     0.00     0.00 -1    -1e-30      0.00 7.107e-01 2.745e-01 2.620e-03 7.154e-04 6.497e-03 -1.000 1.476e-02 -4.972 -2.552 -2.687 -2.294
0.01471 0.00000 7.00000 10.6625661850 2.6265134811   10.663  3.977  4.4087  4.075    1  0.000  0.538     0.00     0.00     0.00     0.00     0.00 -1    -1e-30      0.00 7.107e-01 2.745e-01 2.620e-03 7.154e-04 6.497e-03 -1.000 1.476e-02 -5.174 -2.693 -2.835 -2.430
0.01471 0.00000 7.00000 11.0000000000 2.6268081665   11.001  4.030  4.4141  4.058    1  0.000  0.538     0.00     0.00     0.00     0.00     0.00 -1    -1e-30      0.00 7.107e-01 2.745e-01 2.620e-03 7.154e-04 6.497e-03 -1.000 1.476e-02 -5.305 -2.800 -2.945 -2.529
0.01471 0.00000 7.00000 11.3079423904 2.6270596981   11.309  4.076  4.4186  4.042    1  0.000  0.538     0.00     0.00     0.00     0.00     0.00 -1    -1e-30      0.00 7.107e-01 2.745e-01 2.620e-03 7.154e-04 6.497e-03 -1.000 1.476e-02 -5.421 -2.897 -3.044 -2.618
0.01471 0.00000 7.00000 11.6986665726 2.6273567677   11.700  4.134  4.4237  4.019    1  0.000  0.538     0.00     0.00     0.00     0.00     0.00 -1    -1e-30      0.00 7.107e-01 2.745e-01 2.620e-03 7.154e-04 6.497e-03 -1.000 1.476e-02 -5.565 -3.022 -3.173 -2.733
0.01471 0.00000 7.00000 12.0000000000 2.6275708675   12.001  4.178  4.4274  4.001    1  0.000  0.538     0.00     0.00     0.00     0.00     0.00 -1    -1e-30      0.00 7.107e-01 2.745e-01 2.620e-03 7.154e-04 6.497e-03 -1.000 1.476e-02 -5.675 -3.121 -3.272 -2.832
0.01471 0.00000 7.00000 12.1228981018 2.6276545525   12.121  4.195  4.4287  3.993    1  0.000  0.538     0.00     0.00     0.00     0.00     0.00 -1 -2.74e-29      0.00 7.107e-01 2.745e-01 2.622e-03 7.155e-04 6.497e-03 -1.000 1.476e-02 -5.717 -3.159 -3.309 -2.871
0.01471 0.00000 7.00000 12.4988899231 2.6278991699   12.489  4.246  4.4324  3.970    1  0.000  0.540     0.00     0.00     0.00     0.00     0.00 -1 -5.68e-25      0.00 7.107e-01 2.745e-01 2.629e-03 7.156e-04 6.497e-03 -1.000 1.476e-02 -5.845 -3.273 -3.422 -2.990
0.01471 0.00000 7.00000 12.8730373383 2.6281263828   12.854  4.296  4.4356  3.945    1  0.000  0.541     0.00     0.00     0.00     0.00     0.00 -1 -8.48e-21      0.00 7.107e-01 2.745e-01 2.636e-03 7.158e-04 6.497e-03 -1.000 1.476e-02 -5.970 -3.387 -3.535 -3.108
0.01471 0.00000 7.00000 13.3533258438 2.6283965111   13.320  4.360  4.4385  3.908    1  0.000  0.543     0.00     0.00     0.00     0.00     0.00 -1 -1.32e-15      0.00 7.107e-01 2.745e-01 2.644e-03 7.160e-04 6.496e-03 -1.000 1.476e-02 -6.131 -3.538 -3.686 -3.262
0.01471 0.00000 7.00000 13.7968626022 2.6286270618   13.750  4.419  4.4401  3.870    1  0.000  0.544     0.00     0.00     0.00     0.00     0.00 -1 -5.68e-11      0.00 7.107e-01 2.745e-01 2.651e-03 7.162e-04 6.496e-03 -1.000 1.476e-02 -6.277 -3.681 -3.828 -3.406
0.01471 0.00000 7.00000 14.0000000000 2.6287269592   13.947  4.445  4.4405  3.851    0  0.000  0.545     0.00     0.00     0.00     0.00     0.00 -1 -6.79e-09      0.00 7.107e-01 2.745e-01 2.655e-03 7.163e-04 6.496e-03 -1.000 1.476e-02 -6.343 -3.748 -3.896 -3.474
0.01471 0.00000 7.00000 14.0324325562 2.6287426949   13.979  4.449  4.4405  3.848    0  0.000  0.545     0.00     0.00     0.00     0.00     0.00 -1 -6.92e-09      0.00 7.107e-01 2.745e-01 2.655e-03 7.163e-04 6.496e-03 -1.000 1.476e-02 -6.353 -3.758 -3.906 -3.484
0.01471 0.00000 7.00000 14.4834156036 2.6289520264   14.418  4.504  4.4406  3.807    0  0.000  0.545     0.00     0.00     0.00     0.00     0.00 -1 -8.78e-09      0.00 7.107e-01 2.745e-01 2.655e-03 7.163e-04 6.496e-03 -1.000 1.476e-02 -6.491 -3.901 -4.049 -3.627
0.01471 0.00000 7.00000 14.9800310135 2.6291658878   14.899  4.565  4.4387  3.753    0  0.000  0.545     0.00     0.00     0.00     0.00     0.00 -1 -1.12e-08      0.00 7.107e-01 2.745e-01 2.655e-03 7.163e-04 6.496e-03 -1.000 1.476e-02 -6.643 -4.071 -4.219 -3.795
0.01471 0.00000 7.00000 15.4640607834 2.6293590069   15.366  4.624  4.4348  3.692    0  0.000  0.545     0.00     0.00     0.00     0.00     0.00 -1 -1.39e-08      0.00 7.107e-01 2.745e-01 2.655e-03 7.163e-04 6.496e-03 -1.000 1.476e-02 -6.790 -4.249 -4.397 -3.971
0.01471 0.00000 7.00000 15.8972225189 2.6295206547   15.782  4.676  4.4293  3.629    0  0.000  0.545     0.00     0.00     0.00     0.00     0.00 -1 -1.65e-08      0.00 7.107e-01 2.745e-01 2.655e-03 7.163e-04 6.496e-03 -1.000 1.476e-02 -6.921 -4.421 -4.569 -4.144
0.01471 0.00000 7.00000 16.0000000000 2.6295573711   15.880  4.689  4.4277  3.613    0  0.000  0.545     0.00     0.00     0.00     0.00     0.00 -1 -1.72e-08      0.00 7.107e-01 2.745e-01 2.655e-03 7.163e-04 6.496e-03 -1.000 1.476e-02 -6.952 -4.465 -4.612 -4.188
0.01471 0.00000 7.00000 16.0958480835 2.6295912266   15.970  4.700  4.4262  3.599    0  0.000  0.545     0.00     0.00     0.00     0.00     0.00 -1 -1.77e-08      0.00 7.107e-01 2.745e-01 2.655e-03 7.163e-04 6.496e-03 -1.000 1.476e-02 -6.979 -4.503 -4.651 -4.227
0.01471 0.00000 7.00000 16.4518585205 2.6297132969   16.303  4.741  4.4185  3.536    0  0.000  0.545     0.00     0.00     0.00     0.00     0.00 -1 -1.94e-08      0.00 7.107e-01 2.745e-01 2.655e-03 7.163e-04 6.496e-03 -1.000 1.476e-02 -7.081 -4.661 -4.804 -4.393
0.01471 0.00000 7.00000 16.7961940765 2.6298253536   16.623  4.780  4.4094  3.469    0  0.000  0.545     0.00     0.00     0.00     0.00     0.00 -1 -2.07e-08      0.00 7.107e-01 2.745e-01 2.655e-03 7.163e-04 6.496e-03 -1.000 1.476e-02 -7.180 -4.826 -4.965 -4.571
0.01471 0.00000 7.00000 17.1179542542 2.6299257278   16.921  4.817  4.3991  3.398    0  0.000  0.545     0.00     0.00     0.00     0.00     0.00 -1 -2.16e-08      0.00 7.107e-01 2.745e-01 2.655e-03 7.163e-04 6.496e-03 -1.000 1.476e-02 -7.272 -4.965 -5.100 -4.717
0.01471 0.00000 7.00000 17.3106994629 2.6299836636   17.100  4.839  4.3914  3.349    0  0.000  0.545     0.00     0.00     0.00     0.00     0.00 -1 -2.17e-08      0.00 7.107e-01 2.745e-01 2.655e-03 7.163e-04 6.496e-03 -1.000 1.476e-02 -7.328 -5.071 -5.204 -4.827
0.01471 0.00000 7.00000 17.4997138977 2.6300389767   17.274  4.862  4.3828  3.296    0  0.000  0.545     0.00     0.00     0.00     0.00     0.00 -1 -2.22e-08      0.00 7.107e-01 2.745e-01 2.655e-03 7.163e-04 6.496e-03 -1.000 1.476e-02 -7.385 -5.180 -5.312 -4.940
0.01471 0.00000 7.00000 17.7474975586 2.6301097870   17.498  4.893  4.3745  3.238    0  0.000  0.545     0.00     0.00     0.00     0.00     0.00 -1  -3.5e-08      0.00 7.107e-01 2.745e-01 2.655e-03 7.163e-04 6.496e-03 -1.000 1.476e-02 -7.462 -5.288 -5.418 -5.050
0.01471 0.00000 7.00000 18.0000000000 2.6301794052   17.717  4.930  4.3808  3.232    0  0.000  0.545     0.00     0.00     0.00     0.00     0.00 -1 -3.17e-08      0.00 7.107e-01 2.745e-01 2.655e-03 7.163e-04 6.496e-03 -1.000 1.476e-02 -7.555 -5.355 -5.486 -5.115
0.01471 0.00000 7.00000 18.0268783569 2.6301865578   17.739  4.934  4.3820  3.233    0  0.000  0.545     0.00     0.00     0.00     0.00     0.00 -1 -2.95e-08      0.00 7.107e-01 2.745e-01 2.655e-03 7.163e-04 6.496e-03 -1.000 1.476e-02 -7.565 -5.362 -5.494 -5.122
0.01471 0.00000 7.00000 18.0490379333 2.6301925182   17.759  4.943  4.3923  3.266    0  0.000  0.545     0.00     0.00     0.00     0.00     0.00 -1  -3.5e-08      0.00 7.107e-01 2.745e-01 2.655e-03 7.163e-04 6.496e-03 -1.000 1.476e-02 -7.588 -5.320 -5.454 -5.076
0.01471 0.00000 7.00000 18.0580768585 2.6301951408   17.768  4.954  4.4028  3.297    0  0.000  0.545     0.00     0.00     0.00     0.00     0.00 -1 -4.19e-08      0.00 7.107e-01 2.745e-01 2.655e-03 7.163e-04 6.496e-03 -1.000 1.476e-02 -7.616 -5.347 -5.481 -5.105
0.01471 0.00000 7.00000 18.0626258850 2.6301963329   17.771  4.969  4.4139  3.326    0  0.000  0.545     0.00     0.00     0.00     0.00     0.00 -1 -5.18e-08      0.00 7.107e-01 2.745e-01 2.655e-03 7.163e-04 6.496e-03 -1.000 1.476e-02 -7.653 -5.323 -5.461 -5.071
0.01471 0.00000 7.00000 18.0643596649 2.6301968098   17.773  4.980  4.4207  3.343    0  0.000  0.545     0.00     0.00     0.00     0.00     0.00 -1 -5.91e-08      0.00 7.107e-01 2.745e-01 2.655e-03 7.163e-04 6.496e-03 -1.000 1.476e-02 -7.680 -5.310 -5.451 -5.052
0.01471 0.00000 7.00000 18.0653057098 2.6301970482   17.774  4.979  4.4207  3.343    0  0.000  0.545     0.00     0.00     0.00     0.00     0.00 -1 -5.93e-08      0.00 7.107e-01 2.745e-01 2.655e-03 7.163e-04 6.496e-03 -1.000 1.476e-02 -7.678 -5.308 -5.449 -5.050
0.01471 0.00000 7.00000 18.0695228577 2.6301982403   17.778  4.968  4.4143  3.329    1  0.000  0.545     0.00     0.00     0.00     0.00     0.00 -1 -5.28e-08      0.00 7.107e-01 2.745e-01 2.655e-03 7.163e-04 6.496e-03 -1.000 1.476e-02 -7.651 -5.317 -5.456 -5.065
0.01471 0.00000 7.00000 18.0707778931 2.6301984787   17.779  4.966  4.4043  3.291    1  0.000  0.545     0.00     0.00     0.00     0.00     0.00 -1 -4.67e-08      0.00 7.107e-01 2.745e-01 2.655e-03 7.163e-04 6.496e-03 -1.000 1.476e-02 -7.645 -5.371 -5.506 -5.128
0.01471 0.00000 7.00000 18.0719203949 2.6301987171   17.780  4.966  4.3930  3.246    1  0.000  0.545     0.00     0.00     0.00     0.00     0.00 -1 -4.09e-08      0.00 7.107e-01 2.745e-01 2.655e-03 7.163e-04 6.496e-03 -1.000 1.476e-02 -7.644 -5.369 -5.503 -5.124
0.01471 0.00000 7.00000 18.0729217529 2.6301989555   17.781  4.967  4.3815  3.199    1  0.000  0.545     0.00     0.00     0.00     0.00     0.00 -1 -3.51e-08      0.00 7.107e-01 2.745e-01 2.655e-03 7.163e-04 6.496e-03 -1.000 1.476e-02 -7.646 -5.443 -5.575 -5.204
0.01471 0.00000 7.00000 18.0737648010 2.6301991940   17.781  4.968  4.3707  3.155    1  0.000  0.545     0.00     0.00     0.00     0.00     0.00 -1 -6.61e-08      0.00 7.107e-01 2.745e-01 2.655e-03 7.163e-04 6.496e-03 -1.000 1.476e-02 -7.650 -5.474 -5.604 -5.238
0.01471 0.00000 7.00000 18.0746097565 2.6301994324   17.782  4.970  4.3590  3.106    1  0.000  0.545     0.00     0.00     0.00     0.00     0.00 -1 -3.13e-07      0.00 7.107e-01 2.745e-01 2.655e-03 7.163e-04 6.496e-03 -1.000 1.476e-02 -7.654 -5.635 -5.762 -5.408
0.01471 0.00000 7.00000 18.0754795074 2.6301996708   17.783  4.972  4.3461  3.053    1  0.000  0.545     0.00     0.00     0.00     0.00     0.00 -1 -5.73e-07      0.00 7.107e-01 2.745e-01 2.655e-03 7.163e-04 6.496e-03 -1.000 1.476e-02 -7.659 -5.720 -5.844 -5.499
0.01471 0.00000 7.00000 18.0761756897 2.6301999092   17.783  4.973  4.3352  3.007    1  0.000  0.545     0.00     0.00     0.00     0.00     0.00 -1 -5.98e-07      0.00 7.107e-01 2.745e-01 2.655e-03 7.163e-04 6.496e-03 -1.000 1.476e-02 -7.663 -5.781 -5.903 -5.564
0.01471 0.00000 7.00000 18.0768833160 2.6302001476   17.783  4.975  4.3234  2.959    1  0.000  0.545     0.00     0.00     0.00     0.00     0.00 -1 -5.95e-07      0.00 7.107e-01 2.745e-01 2.655e-03 7.163e-04 6.496e-03 -1.000 1.476e-02 -7.666 -5.848 -5.967 -5.636
0.01471 0.00000 7.00000 18.0775947571 2.6302003860   17.784  4.976  4.3109  2.908    1  0.000  0.545     0.00     0.00     0.00     0.00     0.00 -1 -5.75e-07      0.00 7.107e-01 2.745e-01 2.655e-03 7.163e-04 6.496e-03 -1.000 1.476e-02 -7.669 -5.925 -6.042 -5.719
0.01471 0.00000 7.00000 18.0781364441 2.6302003860   17.784  4.976  4.3010  2.868    1  0.000  0.545     0.00     0.00     0.00     0.00     0.00 -1 -5.65e-07      0.00 7.107e-01 2.745e-01 2.655e-03 7.163e-04 6.496e-03 -1.000 1.476e-02 -7.671 -5.985 -6.100 -5.784
0.01471 0.00000 7.00000 18.0786819458 2.6302006245   17.784  4.977  4.2905  2.825    1  0.000  0.545     0.00     0.00     0.00     0.00     0.00 -1 -5.57e-07      0.00 7.107e-01 2.745e-01 2.655e-03 7.163e-04 6.496e-03 -1.000 1.476e-02 -7.672 -5.908 -6.018 -5.711
0.01471 0.00000 7.00000 18.0792274475 2.6302008629   17.785  4.977  4.2797  2.781    1  0.000  0.545     0.00     0.00     0.00     0.00     0.00 -1 -5.41e-07      0.00 7.107e-01 2.745e-01 2.655e-03 7.163e-04 6.496e-03 -1.000 1.476e-02 -7.673 -5.973 -6.079 -5.785
0.01471 0.00000 7.00000 18.0797767639 2.6302008629   17.785  4.978  4.2682  2.735    1  0.000  0.545     0.00     0.00     0.00     0.00     0.00 -1 -5.24e-07      0.00 7.107e-01 2.745e-01 2.655e-03 7.163e-04 6.496e-03 -1.000 1.476e-02 -7.674 -6.038 -6.141 -5.857
0.01471 0.00000 7.00000 18.0803337097 2.6302011013   17.785  4.978  4.2560  2.687    1  0.000  0.545     0.00     0.00     0.00     0.00     0.00 -1 -5.09e-07      0.00 7.107e-01 2.745e-01 2.655e-03 7.163e-04 6.496e-03 -1.000 1.476e-02 -7.674 -6.105 -6.204 -5.931
0.01471 0.00000 7.00000 18.0808944702 2.6302011013   17.786  4.978  4.2433  2.635    1  0.000  0.545     0.00     0.00     0.00     0.00     0.00 -1 -4.98e-07      0.00 7.107e-01 2.745e-01 2.655e-03 7.163e-04 6.496e-03 -1.000 1.476e-02 -7.674 -6.176 -6.271 -6.009
0.01471 0.00000 7.00000 18.0814571381 2.6302013397   17.786  4.977  4.2298  2.582    1  0.000  0.545     0.00     0.00     0.00     0.00     0.00 -1 -4.81e-07      0.00 7.107e-01 2.745e-01 2.655e-03 7.163e-04 6.496e-03 -1.000 1.476e-02 -7.673 -6.250 -6.341 -6.091
0.01471 0.00000 7.00000 18.0818347931 2.6302015781   17.787  4.977  4.2204  2.545    1  0.000  0.545     0.00     0.00     0.00     0.00     0.00 -1 -4.67e-07      0.00 7.107e-01 2.745e-01 2.655e-03 7.163e-04 6.496e-03 -1.000 1.476e-02 -7.672 -6.301 -6.390 -6.148
0.01471 0.00000 7.00000 18.0822200775 2.6302015781   17.786  4.976  4.2104  2.505    1  0.000  0.545     0.00     0.00     0.00     0.00     0.00 -1 -4.54e-07      0.00 7.107e-01 2.745e-01 2.655e-03 7.163e-04 6.496e-03 -1.000 1.476e-02 -7.671 -6.355 -6.440 -6.208
0.01471 0.00000 7.00000 18.0826053619 2.6302015781   17.787  4.976  4.2001  2.465    1  0.000  0.545     0.00     0.00     0.00     0.00     0.00 -1  -4.4e-07      0.00 7.107e-01 2.745e-01 2.655e-03 7.163e-04 6.496e-03 -1.000 1.476e-02 -7.669 -6.410 -6.492 -6.270
0.01471 0.00000 7.00000 18.0829963684 2.6302018166   17.787  4.975  4.1892  2.422    1  0.000  0.545     0.00     0.00     0.00     0.00     0.00 -1  -4.3e-07      0.00 7.107e-01 2.745e-01 2.655e-03 7.163e-04 6.496e-03 -1.000 1.476e-02 -7.667 -6.469 -6.547 -6.334
0.01471 0.00000 7.00000 18.0833911896 2.6302018166   17.787  4.974  4.1776  2.377    1  0.000  0.545     0.00     0.00     0.00     0.00     0.00 -1 -4.15e-07      0.00 7.107e-01 2.745e-01 2.655e-03 7.163e-04 6.496e-03 -1.000 1.476e-02 -7.665 -6.530 -6.605 -6.403
0.01471 0.00000 7.00000 18.0838031769 2.6302020550   17.787  4.973  4.1651  2.328    1  0.000  0.545     0.00     0.00     0.00     0.00     0.00 -1 -4.02e-07      0.00 7.107e-01 2.745e-01 2.655e-03 7.163e-04 6.496e-03 -1.000 1.476e-02 -7.662 -6.595 -6.666 -6.477
0.01471 0.00000 7.00000 18.0842266083 2.6302020550   17.788  4.971  4.1515  2.275    1  0.000  0.545     0.00     0.00     0.00     0.00     0.00 -1 -3.88e-07      0.00 7.107e-01 2.745e-01 2.655e-03 7.163e-04 6.496e-03 -1.000 1.476e-02 -7.658 -6.663 -6.728 -6.558
0.01471 0.00000 7.00000 18.0846710205 2.6302022934   17.788  4.969  4.1364  2.217    1  0.000  0.545     0.00     0.00     0.00     0.00     0.00 -1 -3.68e-07      0.00 7.107e-01 2.745e-01 2.655e-03 7.163e-04 6.496e-03 -1.000 1.476e-02 -7.653 -6.742 -6.802 -6.647
0.01471 0.00000 7.00000 18.0851402283 2.6302022934   17.788  4.967  4.1195  2.151    1  0.000  0.545     0.00     0.00     0.00     0.00     0.00 -1 -3.52e-07      0.00 7.107e-01 2.745e-01 2.655e-03 7.163e-04 6.496e-03 -1.000 1.476e-02 -7.647 -6.835 -6.891 -6.744
0.01471 0.00000 7.00000 18.0853900909 2.6302025318   17.789  4.966  4.1101  2.115    1  0.000  0.545     0.00     0.00     0.00     0.00     0.00 -1 -6.43e-07      0.00 7.107e-01 2.745e-01 2.655e-03 7.163e-04 6.496e-03 -1.000 1.476e-02 -7.644 -6.885 -6.939 -6.798
0.01471 0.00000 7.00000 18.0856552124 2.6302025318   17.788  4.964  4.0995  2.074    1  0.000  0.545     0.00     0.00     0.00     0.00     0.00 -1 -6.24e-07      0.00 7.107e-01 2.745e-01 2.655e-03 7.163e-04 6.496e-03 -1.000 1.476e-02 -7.640 -6.939 -6.989 -6.858
0.01471 0.00000 7.00000 18.0859394073 2.6302025318   17.788  4.962  4.0879  2.029    1  0.000  0.545     0.00     0.00     0.00     0.00     0.00 -1 -6.04e-07      0.00 7.107e-01 2.745e-01 2.655e-03 7.163e-04 6.496e-03 -1.000 1.476e-02 -7.636 -6.997 -7.043 -6.923
0.01471 0.00000 7.00000 18.0862579346 2.6302025318   17.789  4.960  4.0741  1.976    1  0.000  0.545     0.00     0.00     0.00     0.00     0.00 -1 -5.94e-07      0.00 7.107e-01 2.745e-01 2.655e-03 7.163e-04 6.496e-03 -1.000 1.476e-02 -7.630 -7.056 -7.095 -7.000
0.01471 0.00000 7.00000 18.0866165161 2.6302027702   17.789  4.958  4.0577  1.913    1  0.000  0.545     0.00     0.00     0.00     0.00     0.00 -1 -8.68e-07      0.00 7.107e-01 2.745e-01 2.655e-03 7.163e-04 6.496e-03 -1.000 1.476e-02 -7.624 -7.130 -7.160 -7.091
0.01471 0.00000 7.00000 18.0870151520 2.6302027702   17.788  4.954  4.0380  1.838    1  0.000  0.545     0.00     0.00     0.00     0.00     0.00 -1 -3.43e-06      0.00 7.107e-01 2.745e-01 2.655e-03 7.163e-04 6.496e-03 -1.000 1.476e-02 -7.616 -7.222 -7.246 -7.194
0.01471 0.00000 7.00000 18.0874595642 2.6302030087   17.787  4.951  4.0140  1.745    1  0.000  0.545     0.00     0.00     0.00     0.00     0.00 -1  -3.2e-06      0.00 7.107e-01 2.745e-01 2.655e-03 7.163e-04 6.496e-03 -1.000 1.476e-02 -7.607 -7.329 -7.344 -7.315
0.01471 0.00000 7.00000 18.0879573822 2.6302030087   17.787  4.947  3.9844  1.631    1  0.000  0.545     0.00     0.00     0.00     0.00     0.00 -1 -3.22e-06      0.00 7.107e-01 2.745e-01 2.655e-03 7.163e-04 6.496e-03 -1.000 1.476e-02 -7.596 -7.452 -7.457 -7.455
0.01471 0.00000 7.00000 18.0885143280 2.6302032471   17.786  4.941  3.9476  1.489    1  0.000  0.545     0.00     0.00     0.00     0.00     0.00 -1 -2.96e-06      0.00 7.107e-01 2.745e-01 2.655e-03 7.163e-04 6.496e-03 -1.000 1.476e-02 -7.584 -7.573 -7.554 -7.623
0.01471 0.00000 7.00000 18.0891246796 2.6302034855   17.786  4.935  3.9024  1.315    1  0.000  0.545     0.00     0.00     0.00     0.00     0.00 -1 -2.64e-06      0.00 7.107e-01 2.745e-01 2.655e-03 7.163e-04 6.496e-03 -1.000 1.476e-02 -7.567 -7.700 -7.655 -7.795
0.01471 0.00000 7.00000 18.0897216797 2.6302034855   17.786  4.926  3.8527  1.124    1  0.000  0.545     0.00     0.00     0.00     0.00     0.00 -1 -2.31e-06      0.00 7.107e-01 2.745e-01 2.655e-03 7.163e-04 6.496e-03 -1.000 1.476e-02 -7.546 -7.740 -7.634 -7.941
0.01471 0.00000 7.00000 18.0899925232 2.6302037239   17.786  4.921  3.8283  1.032    1  0.000  0.545     0.00     0.00     0.00     0.00     0.00 -1 -2.08e-06      0.00 7.107e-01 2.745e-01 2.655e-03 7.163e-04 6.496e-03 -1.000 1.476e-02 -7.532 -7.731 -7.578 -8.004
0.01471 0.00000 7.00000 18.0901470184 2.6302037239   17.785  4.917  3.8146  0.981    1  0.000  0.545     0.00     0.00     0.00     0.00     0.00 -1 -1.97e-06      0.00 7.107e-01 2.745e-01 2.655e-03 7.163e-04 6.496e-03 -1.000 1.476e-02 -7.523 -7.719 -7.536 -8.036
0.01471 0.00000 7.00000 18.0903186798 2.6302037239   17.785  4.912  3.7979  0.920    1  0.000  0.545     0.00     0.00     0.00     0.00     0.00 -1 -1.86e-06      0.00 7.107e-01 2.745e-01 2.655e-03 7.163e-04 6.496e-03 -1.000 1.476e-02 -7.509 -7.700 -7.475 -8.073
0.01471 0.00000 7.00000 18.0905113220 2.6302037239   17.785  4.905  3.7786  0.850    1  0.000  0.545     0.00     0.00     0.00     0.00     0.00 -1 -1.74e-06      0.00 7.107e-01 2.745e-01 2.655e-03 7.163e-04 6.496e-03 -1.000 1.476e-02 -7.492 -7.670 -7.391 -8.108
0.01471 0.00000 7.00000 18.0907249451 2.6302039623   17.785  4.897  3.7568  0.770    1  0.000  0.545     0.00     0.00     0.00     0.00     0.00 -1 -1.61e-06      0.00 7.107e-01 2.745e-01 2.655e-03 7.163e-04 6.496e-03 -1.000 1.476e-02 -7.472 -7.624 -7.279 -8.134
0.01471 0.00000 7.00000 18.0909652710 2.6302039623   17.785  4.885  3.7330  0.687    1  0.000  0.545     0.00     0.00     0.00     0.00     0.00 -1 -1.38e-06      0.00 7.107e-01 2.745e-01 2.655e-03 7.163e-04 6.496e-03 -1.000 1.476e-02 -7.442 -7.553 -7.138 -8.132
0.01471 0.00000 7.00000 18.0912342072 2.6302039623   17.785  4.867  3.7081  0.606    1  0.000  0.545     0.00     0.00     0.00     0.00     0.00 -1 -1.13e-06      0.00 7.107e-01 2.745e-01 2.655e-03 7.163e-04 6.496e-03 -1.000 1.476e-02 -7.397 -7.448 -6.967 -8.088
0.01471 0.00000 7.00000 18.0915317535 2.6302039623   17.785  4.842  3.6808  0.521    1  0.000  0.545     0.00     0.00     0.00     0.00     0.00 -1 -9.61e-07      0.00 7.107e-01 2.745e-01 2.655e-03 7.163e-04 6.496e-03 -1.000 1.476e-02 -7.334 -7.304 -6.752 -8.003
0.01471 0.00000 7.00000 18.0918598175 2.6302042007   17.785  4.817  3.6529  0.435    1  0.000  0.545     0.00     0.00     0.00     0.00     0.00 -1 -7.88e-07      0.00 7.107e-01 2.745e-01 2.655e-03 7.163e-04 6.496e-03 -1.000 1.476e-02 -7.272 -7.136 -6.503 -7.897
0.01471 0.00000 7.00000 18.0925464630 2.6302044392   17.785  4.755  3.6158  0.348    1  0.000  0.545     0.00     0.00     0.00     0.00     0.00 -1 -5.39e-07      0.00 7.107e-01 2.745e-01 2.654e-03 7.163e-04 6.496e-03 -1.000 1.476e-02 -7.117 -6.775 -6.007 -7.627
0.01471 0.00000 7.00000 18.0929164886 2.6302044392   17.786  4.749  3.6066  0.317    1  0.000  0.544     0.00     0.00     0.00     0.00     0.00 -1 -4.74e-07      0.00 7.107e-01 2.745e-01 2.651e-03 7.166e-04 6.496e-03 -1.000 1.476e-02 -7.103 -6.699 -5.890 -7.578
0.01471 0.00000 7.00000 18.0933074951 2.6302044392   17.786  4.758  3.5971  0.271    1  0.000  0.530     0.00     0.00     0.00     0.00     0.00 -1 -4.32e-07      0.00 7.107e-01 2.745e-01 2.574e-03 7.865e-04 6.496e-03 -1.000 1.479e-02 -7.125 -6.651 -5.792 -7.560
0.01471 0.00000 7.00000 18.0936241150 2.6302046776   17.786  4.805  3.5886  0.190    1  0.000  0.510     0.00     0.00     0.00     0.00     0.00 -1 -4.62e-07      0.00 7.022e-01 2.830e-01 2.396e-03 1.176e-03 6.276e-03 -1.000 1.482e-02 -7.242 -6.698 -5.786 -7.637
0.01471 0.00000 7.00000 18.0938472748 2.6302046776   17.786  4.833  3.5830  0.139    1  0.000  0.499     0.00     0.00     0.00     0.00     0.00 -1 -5.18e-07      0.00 6.985e-01 2.867e-01 2.315e-03 1.347e-03 6.182e-03 -1.000 1.481e-02 -7.313 -6.718 -5.764 -7.678
0.01471 0.00000 7.00000 18.0942649841 2.6302046776   17.787  4.887  3.5732  0.046    1  0.000  0.467     0.00     0.00     0.00     0.00     0.00 -1 -6.28e-07      0.00 6.933e-01 2.919e-01 2.127e-03 1.658e-03 6.057e-03 -1.000 1.480e-02 -7.448 -6.751 -5.708 -7.755
0.01471 0.00000 7.00000 18.1143932343 2.6302101612   17.785  5.015  3.5575 -0.145    1  0.000  0.408     0.00     0.00     0.00     0.00     0.00 -1 -1.46e-06      0.00 6.536e-01 3.315e-01 1.592e-03 3.046e-03 5.197e-03 -1.000 1.486e-02 -7.768 -6.861 -5.600 -7.955
0.01471 0.00000 7.00000 18.1453933716 2.6302185059   17.786  4.980  3.5622 -0.091    1  0.000  0.408     0.00     0.00     0.00     0.00     0.00 -1 -1.28e-06      0.00 6.529e-01 3.322e-01 1.585e-03 3.067e-03 5.183e-03 -1.000 1.486e-02 -7.679 -6.842 -5.658 -7.907
0.01471 0.00000 7.00000 18.1954936981 2.6302318573   17.795  4.943  3.5679 -0.031    1  0.000  0.408     0.00     0.00     0.00     0.00     0.00 -1 -1.06e-06      0.00 6.528e-01 3.323e-01 1.587e-03 3.064e-03 5.183e-03 -1.000 1.486e-02 -7.588 -6.827 -5.723 -7.860
0.01471 0.00000 7.00000 18.3246326447 2.6302657127   17.829  4.934  3.5756  0.009    1  0.000  0.409     0.00     0.00     0.00     0.00     0.00 -1 -1.02e-06      0.00 6.527e-01 3.324e-01 1.591e-03 3.058e-03 5.185e-03 -1.000 1.486e-02 -7.565 -6.893 -5.870 -7.888
0.01471 0.00000 7.00000 18.3765258789 2.6302790642   17.839  4.988  3.5834 -0.013    1  0.000  0.409     0.00     0.00     0.00     0.00     0.00 -1 -1.31e-06      0.00 6.527e-01 3.325e-01 1.592e-03 3.055e-03 5.186e-03 -1.000 1.486e-02 -7.701 -7.107 -6.146 -8.071
0.01471 0.00000 7.00000 18.3848724365 2.6302812099   17.838  5.060  3.6694  0.259    1  0.000  0.409     0.00     0.00     0.00     0.00     0.00 -1  -2.3e-06      0.00 6.527e-01 3.325e-01 1.593e-03 3.055e-03 5.186e-03 -1.000 1.486e-02 -7.881 -7.813 -7.218 -8.545
0.01471 0.00000 7.00000 18.3889255524 2.6302824020   17.832  5.062  3.8313  0.904    1  0.000  0.409     0.00     0.00     0.00     0.00     0.00 -1 -3.51e-06      0.00 6.527e-01 3.325e-01 1.593e-03 3.054e-03 5.186e-03 -1.000 1.486e-02 -7.885 -8.086 -7.942 -8.347
0.01471 0.00000 7.00000 18.3910274506 2.6302828789   17.828  5.062  3.8731  1.071    1  0.000  0.409     0.00     0.00     0.00     0.00     0.00 -1 -3.94e-06      0.00 6.527e-01 3.325e-01 1.593e-03 3.054e-03 5.186e-03 -1.000 1.486e-02 -7.886 -8.066 -7.993 -8.214
0.01471 0.00000 7.00000 18.3919715881 2.6302831173   17.826  5.064  3.8881  1.130    1  0.000  0.410     0.00     0.00     0.00     0.00     0.00 -1 -4.15e-06      0.00 6.527e-01 3.325e-01 1.593e-03 3.054e-03 5.186e-03 -1.000 1.486e-02 -7.890 -8.051 -7.994 -8.168
0.01471 0.00000 7.00000 18.3924198151 2.6302833557   17.824  5.065  3.8953  1.157    1  0.000  0.410     0.00     0.00     0.00     0.00     0.00 -1 -4.21e-06      0.00 6.527e-01 3.325e-01 1.593e-03 3.054e-03 5.186e-03 -1.000 1.486e-02 -7.892 -8.038 -7.988 -8.146
0.01471 0.00000 7.00000 18.3928451538 2.6302833557   17.823  5.065  3.9034  1.190    1  0.000  0.410     0.00     0.00     0.00     0.00     0.00 -1 -4.31e-06      0.00 6.527e-01 3.325e-01 1.593e-03 3.054e-03 5.186e-03 -1.000 1.486e-02 -7.893 -8.020 -7.974 -8.119
0.01471 0.00000 7.00000 18.3930225372 2.6302833557   17.823  5.065  3.9073  1.205    1  0.000  0.410     0.00     0.00     0.00     0.00     0.00 -1 -3.84e-06      0.00 6.527e-01 3.325e-01 1.593e-03 3.054e-03 5.186e-03 -1.000 1.486e-02 -7.894 -8.010 -7.966 -8.106
0.01471 0.00000 7.00000 18.3932189941 2.6302835941   17.823  5.066  3.9118  1.223    1  0.000  0.410     0.00     0.00     0.00     0.00     0.00 -1 -3.06e-06      0.00 6.527e-01 3.325e-01 1.593e-03 3.054e-03 5.186e-03 -1.000 1.486e-02 -7.894 -7.998 -7.957 -8.089
0.01471 0.00000 7.00000 18.3934383392 2.6302835941   17.823  5.065  3.9179  1.247    1  0.000  0.410     0.00     0.00     0.00     0.00     0.00 -1 -2.36e-06      0.00 6.527e-01 3.325e-01 1.593e-03 3.054e-03 5.186e-03 -1.000 1.486e-02 -7.893 -7.981 -7.945 -8.064
0.01471 0.00000 7.00000 18.3936843872 2.6302835941   17.823  5.064  3.9262  1.281    1  0.000  0.410     0.00     0.00     0.00     0.00     0.00 -1 -1.77e-06      0.00 6.527e-01 3.325e-01 1.593e-03 3.054e-03 5.186e-03 -1.000 1.486e-02 -7.891 -7.959 -7.931 -8.025
0.01471 0.00000 7.00000 18.3939609528 2.6302835941   17.823  5.063  3.9354  1.319    1  0.000  0.410     0.00     0.00     0.00     0.00     0.00 -1 -1.29e-06      0.00 6.527e-01 3.325e-01 1.593e-03 3.054e-03 5.186e-03 -1.000 1.486e-02 -7.889 -7.927 -7.904 -7.982
0.01471 0.00000 7.00000 18.3942680359 2.6302838326   17.823  5.063  3.9443  1.356    1  0.000  0.410     0.00     0.00     0.00     0.00     0.00 -1 -1.01e-06      0.00 6.527e-01 3.325e-01 1.593e-03 3.054e-03 5.186e-03 -1.000 1.486e-02 -7.886 -7.890 -7.870 -7.941
0.01471 0.00000 7.00000 18.3946132660 2.6302838326   17.823  5.062  3.9526  1.390    1  0.000  0.410     0.00     0.00     0.00     0.00     0.00 -1 -1.03e-06      0.00 6.527e-01 3.325e-01 1.593e-03 3.054e-03 5.186e-03 -1.000 1.486e-02 -7.885 -7.856 -7.840 -7.900
0.01471 0.00000 7.00000 18.3949966431 2.6302838326   17.823  5.061  3.9611  1.424    1  0.000  0.410     0.00     0.00     0.00     0.00     0.00 -1 -1.05e-06      0.00 6.527e-01 3.325e-01 1.593e-03 3.054e-03 5.186e-03 -1.000 1.486e-02 -7.883 -7.827 -7.819 -7.857
0.01471 0.00000 7.00000 18.3954257965 2.6302840710   17.823  5.060  3.9698  1.460    1  0.000  0.410     0.00     0.00     0.00     0.00     0.00 -1 -1.07e-06      0.00 6.527e-01 3.325e-01 1.593e-03 3.054e-03 5.186e-03 -1.000 1.486e-02 -7.880 -7.798 -7.798 -7.810
0.01471 0.00000 7.00000 18.3959083557 2.6302840710   17.823  5.059  3.9783  1.495    1  0.000  0.410     0.00     0.00     0.00     0.00     0.00 -1 -1.09e-06      0.00 6.527e-01 3.325e-01 1.593e-03 3.054e-03 5.186e-03 -1.000 1.486e-02 -7.878 -7.760 -7.763 -7.767
0.01471 0.00000 7.00000 18.3964462280 2.6302843094   17.823  5.058  3.9867  1.530    1  0.000  0.410     0.00     0.00     0.00     0.00     0.00 -1 -1.11e-06      0.00 6.527e-01 3.325e-01 1.593e-03 3.054e-03 5.186e-03 -1.000 1.486e-02 -7.875 -7.721 -7.727 -7.722
0.01471 0.00000 7.00000 18.3970451355 2.6302845478   17.823  5.057  3.9956  1.566    1  0.000  0.410     0.00     0.00     0.00     0.00     0.00 -1 -1.13e-06      0.00 6.527e-01 3.325e-01 1.593e-03 3.054e-03 5.186e-03 -1.000 1.486e-02 -7.872 -7.678 -7.687 -7.675
0.01471 0.00000 7.00000 18.3977184296 2.6302845478   17.823  5.056  4.0034  1.599    1  0.000  0.410     0.00     0.00     0.00     0.00     0.00 -1 -1.15e-06      0.00 6.527e-01 3.325e-01 1.593e-03 3.054e-03 5.186e-03 -1.000 1.486e-02 -7.869 -7.640 -7.652 -7.632
0.01471 0.00000 7.00000 18.3984699249 2.6302847862   17.822  5.054  4.0108  1.630    1  0.000  0.410     0.00     0.00     0.00     0.00     0.00 -1 -1.17e-06      0.00 6.527e-01 3.325e-01 1.593e-03 3.054e-03 5.186e-03 -1.000 1.486e-02 -7.866 -7.602 -7.617 -7.590
0.01471 0.00000 7.00000 18.3993110657 2.6302850246   17.822  5.053  4.0181  1.661    1  0.000  0.410     0.00     0.00     0.00     0.00     0.00 -1 -1.18e-06      0.00 6.527e-01 3.325e-01 1.593e-03 3.054e-03 5.186e-03 -1.000 1.486e-02 -7.862 -7.564 -7.581 -7.548
0.01471 0.00000 7.00000 18.4002494812 2.6302852631   17.822  5.051  4.0251  1.690    1  0.000  0.410     0.00     0.00     0.00     0.00     0.00 -1 -1.19e-06      0.00 6.527e-01 3.325e-01 1.593e-03 3.054e-03 5.186e-03 -1.000 1.486e-02 -7.858 -7.527 -7.546 -7.506
0.01471 0.00000 7.00000 18.4013004303 2.6302855015   17.821  5.050  4.0308  1.715    1  0.000  0.410     0.00     0.00     0.00     0.00     0.00 -1  -1.2e-06      0.00 6.527e-01 3.325e-01 1.593e-03 3.054e-03 5.186e-03 -1.000 1.486e-02 -7.854 -7.495 -7.517 -7.472
0.01471 0.00000 7.00000 18.4024734497 2.6302859783   17.820  5.049  4.0348  1.731    1  0.000  0.410     0.00     0.00     0.00     0.00     0.00 -1 -1.21e-06      0.00 6.527e-01 3.325e-01 1.593e-03 3.054e-03 5.186e-03 -1.000 1.486e-02 -7.852 -7.473 -7.496 -7.447
0.01471 0.00000 7.00000 18.4037857056 2.6302862167   17.819  5.048  4.0381  1.746    1  0.000  0.410     0.00     0.00     0.00     0.00     0.00 -1 -1.22e-06      0.00 6.527e-01 3.325e-01 1.593e-03 3.054e-03 5.186e-03 -1.000 1.486e-02 -7.849 -7.454 -7.478 -7.426
0.01471 0.00000 7.00000 18.4052524567 2.6302866936   17.820  5.047  4.0408  1.757    1  0.000  0.410     0.00     0.00     0.00     0.00     0.00 -1 -7.27e-07      0.00 6.527e-01 3.325e-01 1.593e-03 3.054e-03 5.186e-03 -1.000 1.486e-02 -7.847 -7.439 -7.463 -7.409
0.01471 0.00000 7.00000 18.4068927765 2.6302869320   17.821  5.046  4.0429  1.767    1  0.000  0.410     0.00     0.00     0.00     0.00     0.00 -1 -7.28e-07      0.00 6.527e-01 3.325e-01 1.593e-03 3.053e-03 5.186e-03 -1.000 1.486e-02 -7.845 -7.426 -7.451 -7.395
0.01471 0.00000 7.00000 18.4107780457 2.6302881241   17.822  5.044  4.0456  1.779    1  0.000  0.410     0.00     0.00     0.00     0.00     0.00 -1 -7.35e-07      0.00 6.526e-01 3.325e-01 1.593e-03 3.053e-03 5.186e-03 -1.000 1.486e-02 -7.841 -7.409 -7.435 -7.376
0.01471 0.00000 7.00000 18.5022659302 2.6303114891   17.857  5.044  4.0185  1.672    1  0.000  0.410     0.00     0.00     0.00     0.00     0.00 -1 -7.69e-07      0.00 6.526e-01 3.326e-01 1.596e-03 3.049e-03 5.187e-03 -1.000 1.486e-02 -7.839 -7.539 -7.556 -7.522
0.01471 0.00000 7.00000 18.7161464691 2.6303651333   17.924  5.046  3.9460  1.382    1  0.000  0.412     0.00     0.00     0.00     0.00     0.00 -1 -8.61e-07      0.00 6.524e-01 3.328e-01 1.603e-03 3.038e-03 5.190e-03 -1.000 1.485e-02 -7.844 -7.840 -7.821 -7.891
0.01471 0.00000 7.00000 18.7251224518 2.6303675175   17.926  5.046  3.9430  1.370    1  0.000  0.412     0.00     0.00     0.00     0.00     0.00 -1 -8.66e-07      0.00 6.524e-01 3.328e-01 1.603e-03 3.037e-03 5.190e-03 -1.000 1.485e-02 -7.845 -7.853 -7.833 -7.905
0.01471 0.00000 7.00000 18.8059329987 2.6303873062   17.942  5.048  3.9137  1.251    2  0.000  0.412     0.00     0.00     0.00     0.00     0.00 -1 -9.09e-07      0.00 6.523e-01 3.329e-01 1.606e-03 3.033e-03 5.191e-03 -1.000 1.485e-02 -7.850 -7.950 -7.910 -8.036
0.01471 0.00000 7.00000 18.8577747345 2.6304001808   17.951  5.049  3.8937  1.170    2  0.000  0.413     0.00     0.00     0.00     0.00     0.00 -1 -9.29e-07      0.00 6.522e-01 3.329e-01 1.607e-03 3.030e-03 5.192e-03 -1.000 1.485e-02 -7.853 -8.003 -7.952 -8.113
0.01471 0.00000 7.00000 18.8996276855 2.6304101944   17.957  5.050  3.8771  1.102    2  0.000  0.413     0.00     0.00     0.00     0.00     0.00 -1 -9.47e-07      0.00 6.522e-01 3.329e-01 1.609e-03 3.028e-03 5.192e-03 -1.000 1.485e-02 -7.856 -8.032 -7.963 -8.171
0.01471 0.00000 7.00000 18.9229278564 2.6304159164   17.952  5.051  3.8671  1.062    2  0.000  0.413     0.00     0.00     0.00     0.00     0.00 -1 -1.35e-06      0.00 6.522e-01 3.330e-01 1.609e-03 3.027e-03 5.193e-03 -1.000 1.485e-02 -7.857 -8.043 -7.962 -8.205
0.01471 0.00000 7.00000 18.9370956421 2.6304192543   17.945  5.051  3.8602  1.034    2  0.000  0.413     0.00     0.00     0.00     0.00     0.00 -1 -1.35e-06      0.00 6.522e-01 3.330e-01 1.610e-03 3.026e-03 5.193e-03 -1.000 1.485e-02 -7.857 -8.049 -7.958 -8.228
0.01471 0.00000 7.00000 18.9501304626 2.6304225922   17.938  5.051  3.8537  1.008    2  0.000  0.413     0.00     0.00     0.00     0.00     0.00 -1 -1.35e-06      0.00 6.522e-01 3.330e-01 1.610e-03 3.026e-03 5.193e-03 -1.000 1.485e-02 -7.858 -8.053 -7.950 -8.249
0.01471 0.00000 7.00000 18.9601612091 2.6304249763   17.933  5.051  3.8488  0.987    2  0.000  0.413     0.00     0.00     0.00     0.00     0.00 -1 -1.35e-06      0.00 6.522e-01 3.330e-01 1.610e-03 3.025e-03 5.193e-03 -1.000 1.485e-02 -7.858 -8.055 -7.944 -8.265
0.01471 0.00000 7.00000 18.9630088806 2.6304256916   17.932  5.051  3.8473  0.981    2  0.000  0.413     0.00     0.00     0.00     0.00     0.00 -1 -1.34e-06      0.00 6.522e-01 3.330e-01 1.611e-03 3.025e-03 5.193e-03 -1.000 1.485e-02 -7.858 -8.056 -7.942 -8.270
0.01471 0.00000 7.00000 18.9776954651 2.6304290295   17.925  5.052  3.8397  0.950    2  0.000  0.414     0.00     0.00     0.00     0.00     0.00 -1 -1.34e-06      0.00 6.521e-01 3.330e-01 1.611e-03 3.024e-03 5.193e-03 -1.000 1.485e-02 -7.860 -8.059 -7.931 -8.295
0.01471 0.00000 7.00000 18.9893608093 2.6304318905   17.919  5.052  3.8337  0.926    2  0.000  0.414     0.00     0.00     0.00     0.00     0.00 -1 -1.34e-06      0.00 6.521e-01 3.330e-01 1.611e-03 3.024e-03 5.193e-03 -1.000 1.485e-02 -7.861 -8.061 -7.921 -8.315
0.01471 0.00000 7.00000 18.9985294342 2.6304340363   17.916  5.053  3.8289  0.906    2  0.000  0.414     0.00     0.00     0.00     0.00     0.00 -1 -1.33e-06      0.00 6.521e-01 3.330e-01 1.612e-03 3.023e-03 5.193e-03 -1.000 1.485e-02 -7.862 -8.062 -7.913 -8.331
0.01471 0.00000 7.00000 19.0097923279 2.6304368973   17.911  5.053  3.8230  0.882    2  0.000  0.414     0.00     0.00     0.00     0.00     0.00 -1 -1.33e-06      0.00 6.521e-01 3.330e-01 1.612e-03 3.023e-03 5.194e-03 -1.000 1.485e-02 -7.863 -8.063 -7.901 -8.350
0.01471 0.00000 7.00000 19.0186424255 2.6304390430   17.908  5.054  3.8182  0.862    2  0.000  0.414     0.00     0.00     0.00     0.00     0.00 -1 -1.33e-06      0.00 6.521e-01 3.330e-01 1.612e-03 3.022e-03 5.194e-03 -1.000 1.485e-02 -7.864 -8.063 -7.890 -8.366
0.01471 0.00000 7.00000 19.0273494720 2.6304409504   17.905  5.054  3.8132  0.842    3  0.000  0.414     0.00     0.00     0.00     0.00     0.00 -1 -1.33e-06      0.00 6.521e-01 3.331e-01 1.612e-03 3.022e-03 5.194e-03 -1.000 1.485e-02 -7.865 -8.063 -7.879 -8.381
0.01471 0.00000 7.00000 19.0359115601 2.6304430962   17.902  5.054  3.8083  0.822    3  0.000  0.414     0.00     0.00     0.00     0.00     0.00 -1 -1.33e-06      0.00 6.521e-01 3.331e-01 1.613e-03 3.022e-03 5.194e-03 -1.000 1.485e-02 -7.866 -8.063 -7.866 -8.398
0.01471 0.00000 7.00000 19.0443286896 2.6304450035   17.899  5.055  3.8035  0.802    3  0.000  0.414     0.00     0.00     0.00     0.00     0.00 -1 -1.32e-06      0.00 6.521e-01 3.331e-01 1.613e-03 3.021e-03 5.194e-03 -1.000 1.485e-02 -7.867 -8.062 -7.853 -8.414
0.01471 0.00000 7.00000 19.0505409241 2.6304466724   17.897  5.055  3.7998  0.787    3  0.000  0.414     0.00     0.00     0.00     0.00     0.00 -1 -1.32e-06      0.00 6.521e-01 3.331e-01 1.613e-03 3.021e-03 5.194e-03 -1.000 1.485e-02 -7.867 -8.061 -7.843 -8.425
0.01471 0.00000 7.00000 19.0566730499 2.6304481030   17.895  5.055  3.7960  0.772    3  0.000  0.414     0.00     0.00     0.00     0.00     0.00 -1 -1.32e-06      0.00 6.521e-01 3.331e-01 1.613e-03 3.020e-03 5.194e-03 -1.000 1.485e-02 -7.868 -8.060 -7.831 -8.437
0.01471 0.00000 7.00000 19.0627174377 2.6304495335   17.894  5.055  3.7922  0.756    3  0.000  0.414     0.00     0.00     0.00     0.00     0.00 -1 -1.32e-06      0.00 6.521e-01 3.331e-01 1.614e-03 3.020e-03 5.194e-03 -1.000 1.485e-02 -7.868 -8.058 -7.819 -8.448
0.01471 0.00000 7.00000 19.0686779022 2.6304509640   17.892  5.056  3.7885  0.741    3  0.000  0.414     0.00     0.00     0.00     0.00     0.00 -1 -1.32e-06      0.00 6.521e-01 3.331e-01 1.614e-03 3.020e-03 5.194e-03 -1.000 1.485e-02 -7.869 -8.057 -7.807 -8.459
0.01471 0.00000 7.00000 19.0745506287 2.6304521561   17.891  5.056  3.7847  0.726    3  0.000  0.414     0.00     0.00     0.00     0.00     0.00 -1 -1.32e-06      0.00 6.521e-01 3.331e-01 1.614e-03 3.020e-03 5.194e-03 -1.000 1.485e-02 -7.870 -8.055 -7.795 -8.470
0.01471 0.00000 7.00000 19.0803356171 2.6304535866   17.886  5.056  3.7808  0.710    3  0.000  0.414     0.00     0.00     0.00     0.00     0.00 -1 -1.62e-06      0.00 6.521e-01 3.331e-01 1.614e-03 3.019e-03 5.195e-03 -1.000 1.485e-02 -7.870 -8.053 -7.781 -8.482
0.01471 0.00000 7.00000 19.0860328674 2.6304550171   17.880  5.056  3.7767  0.693    3  0.000  0.414     0.00     0.00     0.00     0.00     0.00 -1 -2.23e-06      0.00 6.520e-01 3.331e-01 1.614e-03 3.019e-03 5.195e-03 -1.000 1.485e-02 -7.870 -8.048 -7.764 -8.492
0.01471 0.00000 7.00000 19.0916385651 2.6304562092   17.875  5.056  3.7725  0.676    3  0.000  0.414     0.00     0.00     0.00     0.00     0.00 -1 -3.04e-06      0.00 6.520e-01 3.331e-01 1.614e-03 3.019e-03 5.195e-03 -1.000 1.485e-02 -7.870 -8.044 -7.746 -8.503
0.01471 0.00000 7.00000 19.0936985016 2.6304569244   17.871  5.056  3.7708  0.669    3  0.000  0.414     0.00     0.00     0.00     0.00     0.00 -1 -3.04e-06      0.00 6.520e-01 3.331e-01 1.614e-03 3.019e-03 5.195e-03 -1.000 1.485e-02 -7.870 -8.042 -7.738 -8.507
0.01471 0.00000 7.00000 19.1046772003 2.6304593086   17.855  5.057  3.7606  0.628    3  0.000  0.414     0.00     0.00     0.00     0.00     0.00 -1 -2.99e-06      0.00 6.520e-01 3.331e-01 1.615e-03 3.018e-03 5.195e-03 -1.000 1.485e-02 -7.871 -8.031 -7.698 -8.529
0.01471 0.00000 7.00000 19.1168098450 2.6304621696   17.838  5.057  3.7473  0.574    3  0.000  0.415     0.00     0.00     0.00     0.00     0.00 -1 -2.92e-06      0.00 6.520e-01 3.331e-01 1.615e-03 3.017e-03 5.195e-03 -1.000 1.485e-02 -7.873 -8.012 -7.640 -8.550
0.01471 0.00000 7.00000 19.1263294220 2.6304645538   17.825  5.057  3.7336  0.519    3  0.000  0.415     0.00     0.00     0.00     0.00     0.00 -1  -2.8e-06      0.00 6.520e-01 3.331e-01 1.615e-03 3.017e-03 5.195e-03 -1.000 1.485e-02 -7.872 -7.986 -7.575 -8.562
0.01471 0.00000 7.00000 19.1357841492 2.6304666996   17.814  5.053  3.7169  0.456    3  0.000  0.415     0.00     0.00     0.00     0.00     0.00 -1 -2.64e-06      0.00 6.520e-01 3.331e-01 1.616e-03 3.017e-03 5.195e-03 -1.000 1.485e-02 -7.861 -7.937 -7.479 -8.558
0.01471 0.00000 7.00000 19.1448516846 2.6304688454   17.805  5.047  3.7076  0.424    3  0.000  0.415     0.00     0.00     0.00     0.00     0.00 -1 -2.48e-06      0.00 6.520e-01 3.332e-01 1.616e-03 3.016e-03 5.195e-03 -1.000 1.485e-02 -7.846 -7.898 -7.413 -8.542
0.01471 0.00000 7.00000 19.1515350342 2.6304705143   17.798  5.052  3.7022  0.398    3  0.000  0.414     0.00     0.00     0.00     0.00     0.00 -1 -2.52e-06      0.00 6.520e-01 3.332e-01 1.613e-03 3.017e-03 5.195e-03 -1.000 1.485e-02 -7.859 -7.896 -7.395 -8.553
0.01471 0.00000 7.00000 19.1591606140 2.6304721832   17.791  5.053  3.6968  0.374    3  0.000  0.414     0.00     0.00     0.00     0.00     0.00 -1 -2.51e-06      0.00 6.520e-01 3.332e-01 1.613e-03 3.017e-03 5.196e-03 -1.000 1.485e-02 -7.862 -7.883 -7.366 -8.553
0.01471 0.00000 7.00000 19.1667976379 2.6304740906   17.784  5.054  3.6910  0.350    3  0.000  0.414     0.00     0.00     0.00     0.00     0.00 -1 -2.49e-06      0.00 6.520e-01 3.332e-01 1.613e-03 3.017e-03 5.196e-03 -1.000 1.485e-02 -7.865 -7.868 -7.335 -8.551
0.01471 0.00000 7.00000 19.1741161346 2.6304757595   17.778  5.055  3.6851  0.325    3  0.000  0.414     0.00     0.00     0.00     0.00     0.00 -1 -2.47e-06      0.00 6.520e-01 3.332e-01 1.613e-03 3.017e-03 5.196e-03 -1.000 1.485e-02 -7.868 -7.851 -7.301 -8.548
0.01471 0.00000 7.00000 19.1810379028 2.6304774284   17.772  5.056  3.6790  0.300    3  0.000  0.414     0.00     0.00     0.00     0.00     0.00 -1 -2.45e-06      0.00 6.520e-01 3.332e-01 1.613e-03 3.016e-03 5.196e-03 -1.000 1.485e-02 -7.871 -7.836 -7.271 -8.544
0.01471 0.00000 7.00000 19.1875591278 2.6304788589   17.767  5.057  3.6729  0.274    3  0.000  0.414     0.00     0.00     0.00     0.00     0.00 -1 -2.43e-06      0.00 6.520e-01 3.332e-01 1.613e-03 3.016e-03 5.196e-03 -1.000 1.485e-02 -7.873 -7.817 -7.234 -8.540
0.01471 0.00000 7.00000 19.1936836243 2.6304802895   17.763  5.058  3.6667  0.248    3  0.000  0.414     0.00     0.00     0.00     0.00     0.00 -1 -2.41e-06      0.00 6.520e-01 3.332e-01 1.613e-03 3.016e-03 5.196e-03 -1.000 1.485e-02 -7.875 -7.797 -7.193 -8.535
0.01471 0.00000 7.00000 19.1994304657 2.6304817200   17.759  5.059  3.6603  0.222    3  0.000  0.414     0.00     0.00     0.00     0.00     0.00 -1 -2.38e-06      0.00 6.519e-01 3.332e-01 1.613e-03 3.016e-03 5.196e-03 -1.000 1.485e-02 -7.877 -7.774 -7.150 -8.527
0.01471 0.00000 7.00000 19.2048149109 2.6304829121   17.756  5.059  3.6537  0.195    3  0.000  0.414     0.00     0.00     0.00     0.00     0.00 -1 -2.35e-06      0.00 6.519e-01 3.332e-01 1.613e-03 3.016e-03 5.196e-03 -1.000 1.485e-02 -7.878 -7.744 -7.099 -8.513
0.01471 0.00000 7.00000 19.2073764801 2.6304836273   17.754  5.060  3.6503  0.181    3  0.000  0.414     0.00     0.00     0.00     0.00     0.00 -1 -2.34e-06      0.00 6.519e-01 3.332e-01 1.613e-03 3.016e-03 5.196e-03 -1.000 1.485e-02 -7.879 -7.728 -7.071 -8.505
0.01471 0.00000 7.00000 19.2098560333 2.6304841042   17.753  5.060  3.6468  0.167    3  0.000  0.414     0.00     0.00     0.00     0.00     0.00 -1 -2.33e-06      0.00 6.519e-01 3.332e-01 1.613e-03 3.016e-03 5.196e-03 -1.000 1.485e-02 -7.879 -7.711 -7.041 -8.496
0.01471 0.00000 7.00000 19.2122516632 2.6304848194   17.752  5.060  3.6431  0.152    3  0.000  0.414     0.00     0.00     0.00     0.00     0.00 -1  -2.3e-06      0.00 6.519e-01 3.332e-01 1.613e-03 3.016e-03 5.196e-03 -1.000 1.485e-02 -7.880 -7.692 -7.010 -8.486
0.01471 0.00000 7.00000 19.2145671844 2.6304852962   17.750  5.060  3.6392  0.136    3  0.000  0.414     0.00     0.00     0.00     0.00     0.00 -1 -2.29e-06      0.00 6.519e-01 3.332e-01 1.613e-03 3.016e-03 5.196e-03 -1.000 1.485e-02 -7.880 -7.672 -6.976 -8.475
0.01471 0.00000 7.00000 19.2168064117 2.6304857731   17.750  5.060  3.6351  0.120    3  0.000  0.414     0.00     0.00     0.00     0.00     0.00 -1 -2.27e-06      0.00 6.519e-01 3.332e-01 1.613e-03 3.015e-03 5.196e-03 -1.000 1.485e-02 -7.880 -7.649 -6.938 -8.462
0.01471 0.00000 7.00000 19.2189693451 2.6304862499   17.748  5.060  3.6307  0.102    3  0.000  0.414     0.00     0.00     0.00     0.00     0.00 -1 -2.24e-06      0.00 6.519e-01 3.332e-01 1.613e-03 3.015e-03 5.196e-03 -1.000 1.485e-02 -7.880 -7.624 -6.897 -8.449
0.01471 0.00000 7.00000 19.2210578918 2.6304867268   17.748  5.060  3.6261  0.084    3  0.000  0.414     0.00     0.00     0.00     0.00     0.00 -1 -2.22e-06      0.00 6.519e-01 3.332e-01 1.613e-03 3.015e-03 5.196e-03 -1.000 1.485e-02 -7.879 -7.596 -6.850 -8.432
0.01471 0.00000 7.00000 19.2230758667 2.6304872036   17.747  5.060  3.6210  0.064    3  0.000  0.414     0.00     0.00     0.00     0.00     0.00 -1 -2.19e-06      0.00 6.519e-01 3.332e-01 1.613e-03 3.015e-03 5.196e-03 -1.000 1.485e-02 -7.879 -7.564 -6.799 -8.414
0.01471 0.00000 7.00000 19.2250251770 2.6304876804   17.746  5.059  3.6154  0.042    3  0.000  0.414     0.00     0.00     0.00     0.00     0.00 -1 -2.17e-06      0.00 6.519e-01 3.332e-01 1.613e-03 3.015e-03 5.196e-03 -1.000 1.485e-02 -7.878 -7.527 -6.737 -8.393
0.01471 0.00000 7.00000 19.2269058228 2.6304881573   17.745  5.058  3.6090  0.017    3  0.000  0.414     0.00     0.00     0.00     0.00     0.00 -1 -2.13e-06      0.00 6.519e-01 3.332e-01 1.613e-03 3.015e-03 5.196e-03 -1.000 1.485e-02 -7.876 -7.484 -6.665 -8.367
0.01471 0.00000 7.00000 19.2278118134 2.6304883957   17.745  5.058  3.6058  0.004    3  0.000  0.414     0.00     0.00     0.00     0.00     0.00 -1 -2.09e-06      0.00 6.519e-01 3.332e-01 1.613e-03 3.015e-03 5.196e-03 -1.000 1.485e-02 -7.875 -7.460 -6.625 -8.352
0.01471 0.00000 7.00000 19.2288856506 2.6304886341   17.744  5.057  3.6016 -0.012    3  0.000  0.414     0.00     0.00     0.00     0.00     0.00 -1 -2.05e-06      0.00 6.519e-01 3.332e-01 1.613e-03 3.015e-03 5.196e-03 -1.000 1.485e-02 -7.873 -7.428 -6.573 -8.332
0.01471 0.00000 7.00000 19.2298755646 2.6304888725   17.744  5.056  3.5974 -0.028    3  0.000  0.414     0.00     0.00     0.00     0.00     0.00 -1 -2.03e-06      0.00 6.519e-01 3.332e-01 1.613e-03 3.015e-03 5.196e-03 -1.000 1.485e-02 -7.871 -7.394 -6.517 -8.311
0.01471 0.00000 7.00000 19.2307415009 2.6304891109   17.744  5.056  3.5934 -0.043    3  0.000  0.414     0.00     0.00     0.00     0.00     0.00 -1 -1.99e-06      0.00 6.519e-01 3.332e-01 1.613e-03 3.015e-03 5.196e-03 -1.000 1.485e-02 -7.869 -7.361 -6.462 -8.290
0.01471 0.00000 7.00000 19.2313270569 2.6304891109   17.744  5.055  3.5905 -0.054    3  0.000  0.414     0.00     0.00     0.00     0.00     0.00 -1 -1.97e-06      0.00 6.519e-01 3.332e-01 1.613e-03 3.015e-03 5.196e-03 -1.000 1.485e-02 -7.867 -7.336 -6.421 -8.275
0.01471 0.00000 7.00000 19.2320632935 2.6304893494   17.744  5.054  3.5867 -0.068    3  0.000  0.414     0.00     0.00     0.00     0.00     0.00 -1 -1.94e-06      0.00 6.519e-01 3.332e-01 1.613e-03 3.015e-03 5.196e-03 -1.000 1.485e-02 -7.864 -7.300 -6.358 -8.252
0.01471 0.00000 7.00000 19.2329788208 2.6304895878   17.743  5.052  3.5819 -0.085    3  0.000  0.414     0.00     0.00     0.00     0.00     0.00 -1 -1.91e-06      0.00 6.519e-01 3.332e-01 1.613e-03 3.015e-03 5.196e-03 -1.000 1.485e-02 -7.859 -7.251 -6.273 -8.223
0.01471 0.00000 7.00000 19.2338218689 2.6304898262   17.743  5.050  3.5778 -0.099    3  0.000  0.414     0.00     0.00     0.00     0.00     0.00 -1 -1.86e-06      0.00 6.519e-01 3.332e-01 1.613e-03 3.015e-03 5.196e-03 -1.000 1.485e-02 -7.854 -7.204 -6.190 -8.193
0.01471 0.00000 7.00000 19.2345390320 2.6304898262   17.743  5.047  3.5749 -0.108    3  0.000  0.414     0.00     0.00     0.00     0.00     0.00 -1 -1.83e-06      0.00 6.519e-01 3.332e-01 1.613e-03 3.015e-03 5.196e-03 -1.000 1.485e-02 -7.847 -7.165 -6.123 -8.168
0.01471 0.00000 7.00000 19.2354621887 2.6304900646   17.743  5.043  3.5718 -0.117    3  0.000  0.414     0.00     0.00     0.00     0.00     0.00 -1 -1.77e-06      0.00 6.519e-01 3.332e-01 1.613e-03 3.015e-03 5.196e-03 -1.000 1.485e-02 -7.837 -7.121 -6.051 -8.138
0.01471 0.00000 7.00000 19.2368717194 2.6304905415   17.743  5.037  3.5690 -0.122    3  0.000  0.414     0.00     0.00     0.00     0.00     0.00 -1 -1.71e-06      0.00 6.519e-01 3.332e-01 1.613e-03 3.015e-03 5.196e-03 -1.000 1.485e-02 -7.822 -7.074 -5.974 -8.104
0.01471 0.00000 7.00000 19.2384243011 2.6304907799   17.743  5.029  3.5672 -0.121    3  0.000  0.414     0.00     0.00     0.00     0.00     0.00 -1 -1.66e-06      0.00 6.519e-01 3.332e-01 1.613e-03 3.014e-03 5.196e-03 -1.000 1.485e-02 -7.802 -7.030 -5.907 -8.069
0.01471 0.00000 7.00000 19.2403621674 2.6304912567   17.743  5.019  3.5649 -0.120    3  0.000  0.414     0.00     0.00     0.00     0.00     0.00 -1 -1.55e-06      0.00 6.519e-01 3.332e-01 1.613e-03 3.014e-03 5.197e-03 -1.000 1.485e-02 -7.777 -6.974 -5.821 -8.026
0.01471 0.00000 7.00000 19.2417850494 2.6304914951   17.743  5.024  3.5624 -0.136    3  0.000  0.414     0.00     0.00     0.00     0.00     0.00 -1 -1.54e-06      0.00 6.519e-01 3.332e-01 1.613e-03 3.014e-03 5.197e-03 -1.000 1.485e-02 -7.791 -6.956 -5.770 -8.021
0.01471 0.00000 7.00000 19.2432231903 2.6304919720   17.743  5.037  3.5603 -0.157    3  0.000  0.412     0.00     0.00     0.00     0.00     0.00 -1 -1.62e-06      0.00 6.519e-01 3.332e-01 1.605e-03 3.021e-03 5.197e-03 -1.000 1.485e-02 -7.823 -6.960 -5.746 -8.037
0.01471 0.00000 7.00000 19.2459144592 2.6304924488   17.743  5.049  3.5587 -0.175    3  0.000  0.407     0.00     0.00     0.00     0.00     0.00 -1 -1.74e-06      0.00 6.519e-01 3.332e-01 1.588e-03 3.036e-03 5.196e-03 -1.000 1.485e-02 -7.852 -6.964 -5.719 -8.052
0.01471 0.00000 7.00000 19.2547435760 2.6304945946   17.741  5.057  3.5576 -0.187    3  0.000  0.406     0.00     0.00     0.00     0.00     0.00 -1 -1.82e-06      0.00 6.519e-01 3.333e-01 1.583e-03 3.040e-03 5.196e-03 -1.000 1.485e-02 -7.871 -6.966 -5.701 -8.061
0.01471 0.00000 7.00000 19.2781906128 2.6305000782   17.735  5.099  3.5518 -0.253    3  0.000  0.402     0.00     0.00     0.00     0.00     0.00 -1 -2.22e-06      0.00 6.513e-01 3.339e-01 1.566e-03 3.069e-03 5.184e-03 -1.000 1.481e-02 -7.978 -6.981 -5.605 -8.113
0.01471 0.00000 7.00000 19.2817745209 2.6305007935   17.733  5.112  3.5500 -0.273    3  0.000  0.401     0.00     0.00     0.00     0.00     0.00 -1 -2.36e-06      0.00 6.511e-01 3.341e-01 1.558e-03 3.082e-03 5.180e-03 -1.000 1.478e-02 -8.010 -6.985 -5.577 -8.129
0.01471 0.00000 7.00000 19.2871475220 2.6305022240   17.730  5.153  3.5450 -0.334    3  0.000  0.394     0.00     0.00     0.00     0.00     0.00 -1 -2.87e-06      0.00 6.482e-01 3.370e-01 1.514e-03 3.190e-03 5.119e-03 -1.000 1.477e-02 -8.112 -6.993 -5.462 -8.172
0.01471 0.00000 7.00000 19.2917919159 2.6305031776   17.725  5.181  3.5415 -0.377    3  0.000  0.392     0.00     0.00     0.00     0.00     0.00 -1 -3.28e-06      0.00 6.475e-01 3.377e-01 1.501e-03 3.222e-03 5.101e-03 -1.000 1.478e-02 -8.183 -7.000 -5.382 -8.204
0.01471 0.00000 7.00000 19.2948017120 2.6305038929   17.722  5.201  3.5392 -0.406    3  0.000  0.391     0.00     0.00     0.00     0.00     0.00 -1  -3.6e-06      0.00 6.470e-01 3.382e-01 1.493e-03 3.243e-03 5.088e-03 -1.000 1.477e-02 -8.233 -7.002 -5.321 -8.222
0.01471 0.00000 7.00000 19.2985363007 2.6305048466   17.718  5.242  3.5344 -0.466    3  0.000  0.390     0.00     0.00     0.00     0.00     0.00 -1 -4.38e-06      0.00 6.461e-01 3.392e-01 1.483e-03 3.277e-03 5.064e-03 -1.000 1.477e-02 -8.334 -6.998 -5.173 -8.253
0.01471 0.00000 7.00000 19.3026905060 2.6305058002   17.717  5.277  3.5302 -0.518    3  0.000  0.390     0.00     0.00     0.00     0.00     0.00 -1 -5.24e-06      0.00 6.450e-01 3.402e-01 1.474e-03 3.309e-03 5.039e-03 -1.000 1.479e-02 -8.422 -6.993 -5.043 -8.277
#isochrone terminated
