# Zini     MH   logAge Mini        int_IMF         Mass   logL    logTe  logg  label   McoreTP C_O  period0  period1  period2  period3  period4  pmode  Mloss  tau1m   X   Y   Xc  Xn  Xo  Cexcess  Z 	 mbolmag  Gmag    G_BPmag  G_RPmag
0.0152 0.01508 6.50000 0.0900000036 1.0816895962    0.090 -1.517  3.4265  3.567    0  0.000  0.545     0.00     0.00     0.00     0.00     0.00 -1 -2.12e-14      0.00 7.092e-01 2.755e-01 2.746e-03 7.408e-04 6.719e-03 -1.000 1.527e-02 8.562 10.467 12.817 9.051
0.0152 0.01508 6.50000 0.0920242891 1.1008026600    0.092 -1.513  3.4268  3.575    0  0.000  0.545     0.00     0.00     0.00     0.00     0.00 -1  -2.1e-14      0.00 7.092e-01 2.755e-01 2.746e-03 7.408e-04 6.719e-03 -1.000 1.527e-02 8.553 10.454 12.800 9.039
0.0152 0.01508 6.50000 0.1034724265 1.1994750500    0.103 -1.480  3.4300  3.604    0  0.000  0.545     0.00     0.00     0.00     0.00     0.00 -1 -2.06e-14      0.00 7.092e-01 2.755e-01 2.746e-03 7.408e-04 6.719e-03 -1.000 1.527e-02 8.469 10.322 12.625 8.917
0.0152 0.01508 6.50000 0.1104671732 1.2530329227    0.110 -1.460  3.4322  3.622    0  0.000  0.545     0.00     0.00     0.00     0.00     0.00 -1 -2.05e-14      0.00 7.092e-01 2.755e-01 2.746e-03 7.408e-04 6.719e-03 -1.000 1.527e-02 8.420 10.247 12.525 8.847
0.0152 0.01508 6.50000 0.1174051687 1.3019695282    0.117 -1.450  3.4332  3.642    0  0.000  0.545     0.00     0.00     0.00     0.00     0.00 -1 -1.99e-14      0.00 7.092e-01 2.755e-01 2.746e-03 7.408e-04 6.719e-03 -1.000 1.527e-02 8.395 10.208 12.476 8.811
0.0152 0.01508 6.50000 0.1213325933 1.3280352354    0.121 -1.439  3.4343  3.650    0  0.000  0.545     0.00     0.00     0.00     0.00     0.00 -1 -1.98e-14      0.00 7.092e-01 2.755e-01 2.746e-03 7.408e-04 6.719e-03 -1.000 1.527e-02 8.368 10.168 12.423 8.774
0.0152 0.01508 6.50000 0.1282889545 1.3716146946    0.128 -1.406  3.4380  3.656    0  0.000  0.545     0.00     0.00     0.00     0.00     0.00 -1 -2.07e-14      0.00 7.092e-01 2.755e-01 2.746e-03 7.408e-04 6.719e-03 -1.000 1.527e-02 8.284 10.040 12.250 8.655
0.0152 0.01508 6.50000 0.1350824088 1.4113059044    0.135 -1.386  3.4402  3.667    0  0.000  0.545     0.00     0.00     0.00     0.00     0.00 -1 -2.08e-14      0.00 7.092e-01 2.755e-01 2.746e-03 7.408e-04 6.719e-03 -1.000 1.527e-02 8.235 9.964 12.148 8.585
0.0152 0.01508 6.50000 0.1436701417 1.4579179287    0.144 -1.362  3.4430  3.681    0  0.000  0.545     0.00     0.00     0.00     0.00     0.00 -1  -2.1e-14      0.00 7.092e-01 2.755e-01 2.746e-03 7.408e-04 6.719e-03 -1.000 1.527e-02 8.176 9.871 12.023 8.500
0.0152 0.01508 6.50000 0.1507771015 1.4938348532    0.151 -1.335  3.4460  3.687    0  0.000  0.545     0.00     0.00     0.00     0.00     0.00 -1 -2.17e-14      0.00 7.092e-01 2.755e-01 2.746e-03 7.408e-04 6.719e-03 -1.000 1.527e-02 8.108 9.768 11.884 8.405
0.0152 0.01508 6.50000 0.1577448100 1.5269730091    0.158 -1.317  3.4480  3.697    0  0.000  0.545     0.00     0.00     0.00     0.00     0.00 -1 -2.19e-14      0.00 7.092e-01 2.755e-01 2.746e-03 7.408e-04 6.719e-03 -1.000 1.527e-02 8.062 9.698 11.792 8.341
0.0152 0.01508 6.50000 0.1612925231 1.5431232452    0.161 -1.310  3.4490  3.703    0  0.000  0.545     0.00     0.00     0.00     0.00     0.00 -1 -2.18e-14      0.00 7.092e-01 2.755e-01 2.746e-03 7.408e-04 6.719e-03 -1.000 1.527e-02 8.045 9.669 11.751 8.314
0.0152 0.01508 6.50000 0.1712784618 1.5862089396    0.171 -1.268  3.4539  3.707    0  0.000  0.545     0.00     0.00     0.00     0.00     0.00 -1 -2.32e-14      0.00 7.092e-01 2.755e-01 2.746e-03 7.408e-04 6.719e-03 -1.000 1.527e-02 7.939 9.509 11.534 8.167
0.0152 0.01508 6.50000 0.1813068241 1.6263104677    0.181 -1.234  3.4576  3.713    0  0.000  0.545     0.00     0.00     0.00     0.00     0.00 -1 -2.42e-14      0.00 7.092e-01 2.755e-01 2.746e-03 7.408e-04 6.719e-03 -1.000 1.527e-02 7.855 9.384 11.367 8.053
0.0152 0.01508 6.50000 0.1913483441 1.6636747122    0.191 -1.211  3.4602  3.723    0  0.000  0.545     0.00     0.00     0.00     0.00     0.00 -1 -2.46e-14      0.00 7.092e-01 2.755e-01 2.746e-03 7.408e-04 6.719e-03 -1.000 1.527e-02 7.796 9.296 11.249 7.972
0.0152 0.01508 6.50000 0.2003560662 1.6950856447    0.200 -1.199  3.4617  3.738    0  0.000  0.545     0.00     0.00     0.00     0.00     0.00 -1 -2.43e-14      0.00 7.092e-01 2.755e-01 2.746e-03 7.408e-04 6.719e-03 -1.000 1.527e-02 7.768 9.252 11.191 7.932
0.0152 0.01508 6.50000 0.2151179612 1.7427845001    0.215 -1.153  3.4673  3.744    0  0.000  0.545     0.00     0.00     0.00     0.00     0.00 -1 -2.59e-14      0.00 7.092e-01 2.755e-01 2.746e-03 7.408e-04 6.719e-03 -1.000 1.527e-02 7.652 9.083 10.967 7.776
0.0152 0.01508 6.50000 0.2301564664 1.7871897221    0.230 -1.115  3.4718  3.754    0  0.000  0.545     0.00     0.00     0.00     0.00     0.00 -1  -2.7e-14      0.00 7.092e-01 2.755e-01 2.746e-03 7.408e-04 6.719e-03 -1.000 1.527e-02 7.557 8.946 10.787 7.651
0.0152 0.01508 6.50000 0.2454635501 1.8286733627    0.245 -1.084  3.4755  3.766    0  0.000  0.545     0.00     0.00     0.00     0.00     0.00 -1 -2.77e-14      0.00 7.092e-01 2.755e-01 2.746e-03 7.408e-04 6.719e-03 -1.000 1.527e-02 7.480 8.836 10.643 7.550
0.0152 0.01508 6.50000 0.2697553933 1.8880412579    0.270 -1.030  3.4827  3.781    0  0.000  0.545     0.00     0.00     0.00     0.00     0.00 -1 -2.94e-14      0.00 7.092e-01 2.755e-01 2.746e-03 7.408e-04 6.719e-03 -1.000 1.527e-02 7.344 8.636 10.375 7.369
0.0152 0.01508 6.50000 0.2922107577 1.9370464087    0.292 -0.983  3.4888  3.794    0  0.000  0.545     0.00     0.00     0.00     0.00     0.00 -1  -3.1e-14      0.00 7.092e-01 2.755e-01 2.746e-03 7.408e-04 6.719e-03 -1.000 1.527e-02 7.228 8.467 10.147 7.216
0.0152 0.01508 6.50000 0.3000000119 1.9529139996    0.300 -0.968  3.4907  3.798    0  0.000  0.545     0.00     0.00     0.00     0.00     0.00 -1 -3.15e-14      0.00 7.092e-01 2.755e-01 2.746e-03 7.408e-04 6.719e-03 -1.000 1.527e-02 7.191 8.415 10.078 7.169
0.0152 0.01508 6.50000 0.3254787922 2.0012934208    0.325 -0.918  3.4976  3.811    0  0.000  0.545     0.00     0.00     0.00     0.00     0.00 -1 -3.35e-14      0.00 7.092e-01 2.755e-01 2.746e-03 7.408e-04 6.719e-03 -1.000 1.527e-02 7.065 8.239 9.851 7.010
0.0152 0.01508 6.50000 0.3554904163 2.0523254871    0.356 -0.865  3.5048  3.825    0  0.000  0.545     0.00     0.00     0.00     0.00     0.00 -1 -3.55e-14      0.00 7.092e-01 2.755e-01 2.746e-03 7.408e-04 6.719e-03 -1.000 1.527e-02 6.933 8.057 9.615 6.844
0.0152 0.01508 6.50000 0.3987213373 2.1167371273    0.399 -0.792  3.5155  3.844    0  0.000  0.545     0.00     0.00     0.00     0.00     0.00 -1 -3.89e-14      0.00 7.092e-01 2.755e-01 2.746e-03 7.408e-04 6.719e-03 -1.000 1.527e-02 6.749 7.797 9.275 6.611
0.0152 0.01508 6.50000 0.4000000358 2.1185026169    0.400 -0.790  3.5157  3.845    0  0.000  0.545     0.00     0.00     0.00     0.00     0.00 -1  -3.9e-14      0.00 7.092e-01 2.755e-01 2.746e-03 7.408e-04 6.719e-03 -1.000 1.527e-02 6.744 7.790 9.266 6.605
0.0152 0.01508 6.50000 0.4040442705 2.1240382195    0.404 -0.783  3.5168  3.846    0  0.000  0.545     0.00     0.00     0.00     0.00     0.00 -1 -3.93e-14      0.00 7.092e-01 2.755e-01 2.746e-03 7.408e-04 6.719e-03 -1.000 1.527e-02 6.728 7.767 9.235 6.583
0.0152 0.01508 6.50000 0.4632345736 2.1976342201    0.463 -0.691  3.5311  3.871    0  0.000  0.545     0.00     0.00     0.00     0.00     0.00 -1 -4.42e-14      0.00 7.092e-01 2.755e-01 2.746e-03 7.408e-04 6.719e-03 -1.000 1.527e-02 6.497 7.434 8.792 6.290
0.0152 0.01508 6.50000 0.4991621673 2.2365896702    0.499 -0.640  3.5394  3.885    0  0.000  0.545     0.00     0.00     0.00     0.00     0.00 -1 -4.71e-14      0.00 7.092e-01 2.755e-01 2.746e-03 7.408e-04 6.719e-03 -1.000 1.527e-02 6.369 7.250 8.546 6.129
0.0152 0.01508 6.50000 0.5000000000 2.2374541759    0.500 -0.638  3.5396  3.886    0  0.000  0.545     0.00     0.00     0.00     0.00     0.00 -1 -4.71e-14      0.00 7.092e-01 2.755e-01 2.746e-03 7.408e-04 6.719e-03 -1.000 1.527e-02 6.366 7.245 8.540 6.125
0.0152 0.01508 6.50000 0.5004411936 2.2379086018    0.501 -0.638  3.5397  3.886    0  0.000  0.545     0.00     0.00     0.00     0.00     0.00 -1 -4.72e-14      0.00 7.092e-01 2.755e-01 2.746e-03 7.408e-04 6.719e-03 -1.000 1.527e-02 6.364 7.243 8.537 6.123
0.0152 0.01508 6.50000 0.5204924345 2.2576262951    0.520 -0.607  3.5451  3.893    0  0.000  0.545     0.00     0.00     0.00     0.00     0.00 -1 -4.92e-14      0.00 7.092e-01 2.755e-01 2.746e-03 7.408e-04 6.719e-03 -1.000 1.527e-02 6.287 7.128 8.381 6.025
0.0152 0.01508 6.50000 0.5419940352 2.2769172192    0.542 -0.578  3.5500  3.902    0  0.000  0.545     0.00     0.00     0.00     0.00     0.00 -1 -5.11e-14      0.00 7.092e-01 2.755e-01 2.746e-03 7.408e-04 6.719e-03 -1.000 1.527e-02 6.214 7.022 8.238 5.933
0.0152 0.01508 6.50000 0.5500000119 2.2836582661    0.550 -0.568  3.5516  3.905    0  0.000  0.545     0.00     0.00     0.00     0.00     0.00 -1 -5.16e-14      0.00 7.092e-01 2.755e-01 2.746e-03 7.408e-04 6.719e-03 -1.000 1.527e-02 6.191 6.987 8.192 5.904
0.0152 0.01508 6.50000 0.5712240338 2.3004825115    0.571 -0.538  3.5570  3.912    0  0.000  0.545     0.00     0.00     0.00     0.00     0.00 -1 -5.39e-14      0.00 7.092e-01 2.755e-01 2.746e-03 7.408e-04 6.719e-03 -1.000 1.527e-02 6.114 6.872 8.036 5.806
0.0152 0.01508 6.50000 0.5969519019 2.3190433979    0.597 -0.503  3.5631  3.922    0  0.000  0.545     0.00     0.00     0.00     0.00     0.00 -1 -5.64e-14      0.00 7.092e-01 2.755e-01 2.746e-03 7.408e-04 6.719e-03 -1.000 1.527e-02 6.029 6.743 7.863 5.698
0.0152 0.01508 6.50000 0.6000000238 2.3211214542    0.600 -0.500  3.5638  3.923    0  0.000  0.545     0.00     0.00     0.00     0.00     0.00 -1 -5.67e-14      0.00 7.092e-01 2.755e-01 2.746e-03 7.408e-04 6.719e-03 -1.000 1.527e-02 6.019 6.729 7.844 5.686
0.0152 0.01508 6.50000 0.6128938794 2.3296494484    0.613 -0.483  3.5669  3.928    0  0.000  0.545     0.00     0.00     0.00     0.00     0.00 -1  -5.8e-14      0.00 7.092e-01 2.755e-01 2.746e-03 7.408e-04 6.719e-03 -1.000 1.527e-02 5.978 6.666 7.758 5.633
0.0152 0.01508 6.50000 0.6386827826 2.3455245495    0.639 -0.450  3.5729  3.937    0  0.000  0.545     0.00     0.00     0.00     0.00     0.00 -1 -6.06e-14      0.00 7.092e-01 2.755e-01 2.746e-03 7.408e-04 6.719e-03 -1.000 1.527e-02 5.895 6.539 7.588 5.528
0.0152 0.01508 6.50000 0.6499999762 2.3520355225    0.650 -0.436  3.5755  3.941    0  0.000  0.545     0.00     0.00     0.00     0.00     0.00 -1 -6.18e-14      0.00 7.092e-01 2.755e-01 2.746e-03 7.408e-04 6.719e-03 -1.000 1.527e-02 5.860 6.485 7.515 5.482
0.0152 0.01508 6.50000 0.6636940241 2.3595733643    0.664 -0.418  3.5787  3.945    0  0.000  0.545     0.00     0.00     0.00     0.00     0.00 -1 -6.34e-14      0.00 7.092e-01 2.755e-01 2.746e-03 7.408e-04 6.719e-03 -1.000 1.527e-02 5.816 6.418 7.426 5.427
0.0152 0.01508 6.50000 0.6911630034 2.3736634254    0.691 -0.383  3.5850  3.953    0  0.000  0.545     0.00     0.00     0.00     0.00     0.00 -1 -6.68e-14      0.00 7.092e-01 2.755e-01 2.746e-03 7.408e-04 6.719e-03 -1.000 1.527e-02 5.728 6.287 7.255 5.317
0.0152 0.01508 6.50000 0.7000000477 2.3779268265    0.700 -0.373  3.5870  3.956    0  0.000  0.545     0.00     0.00     0.00     0.00     0.00 -1 -6.78e-14      0.00 7.092e-01 2.755e-01 2.746e-03 7.408e-04 6.719e-03 -1.000 1.527e-02 5.701 6.248 7.203 5.284
0.0152 0.01508 6.50000 0.7247626781 2.3892393112    0.725 -0.313  3.6054  3.984    0  0.000  0.541     0.00     0.00     0.00     0.00     0.00 -1  -7.4e-14      0.00 7.092e-01 2.755e-01 2.728e-03 7.404e-04 6.719e-03 -1.000 1.527e-02 5.552 5.971 6.816 5.071
0.0152 0.01508 6.50000 0.7500000000 2.3998889923    0.750 -0.249  3.6244  4.012    0  0.000  0.538     0.00     0.00     0.00     0.00     0.00 -1 -8.17e-14      0.00 7.092e-01 2.755e-01 2.710e-03 7.399e-04 6.720e-03 -1.000 1.527e-02 5.393 5.697 6.445 4.856
0.0152 0.01508 6.50000 0.7602254748 2.4039733410    0.760 -0.241  3.6256  4.014    0  0.000  0.538     0.00     0.00     0.00     0.00     0.00 -1 -8.26e-14      0.00 7.092e-01 2.755e-01 2.710e-03 7.399e-04 6.720e-03 -1.000 1.527e-02 5.372 5.669 6.411 4.831
0.0152 0.01508 6.50000 0.7998337746 2.4186663628    0.800 -0.206  3.6301  4.019    0  0.000  0.538     0.00     0.00     0.00     0.00     0.00 -1 -8.68e-14      0.00 7.092e-01 2.755e-01 2.710e-03 7.399e-04 6.720e-03 -1.000 1.527e-02 5.284 5.555 6.275 4.731
0.0152 0.01508 6.50000 0.8000000119 2.4187245369    0.800 -0.205  3.6301  4.019    0  0.000  0.538     0.00     0.00     0.00     0.00     0.00 -1 -8.68e-14      0.00 7.092e-01 2.755e-01 2.710e-03 7.399e-04 6.720e-03 -1.000 1.527e-02 5.284 5.555 6.275 4.731
0.0152 0.01508 6.50000 0.8044449091 2.4202692509    0.804 -0.202  3.6306  4.020    0  0.000  0.538     0.00     0.00     0.00     0.00     0.00 -1 -8.71e-14      0.00 7.092e-01 2.755e-01 2.710e-03 7.399e-04 6.720e-03 -1.000 1.527e-02 5.275 5.543 6.261 4.721
0.0152 0.01508 6.50000 0.8500000238 2.4350347519    0.850 -0.163  3.6356  4.025    0  0.000  0.538     0.00     0.00     0.00     0.00     0.00 -1 -9.22e-14      0.00 7.092e-01 2.755e-01 2.710e-03 7.399e-04 6.720e-03 -1.000 1.527e-02 5.178 5.419 6.115 4.611
0.0152 0.01508 6.50000 0.8525712490 2.4358143806    0.852 -0.161  3.6359  4.025    0  0.000  0.538     0.00     0.00     0.00     0.00     0.00 -1 -9.25e-14      0.00 7.092e-01 2.755e-01 2.710e-03 7.399e-04 6.720e-03 -1.000 1.527e-02 5.173 5.413 6.107 4.605
0.0152 0.01508 6.50000 0.9000000358 2.4492788315    0.899 -0.121  3.6409  4.029    0  0.000  0.538     0.00     0.00     0.00     0.00     0.00 -1 -9.83e-14      0.00 7.092e-01 2.755e-01 2.710e-03 7.399e-04 6.720e-03 -1.000 1.527e-02 5.072 5.285 5.958 4.492
0.0152 0.01508 6.50000 0.9500000477 2.4618122578    0.950 -0.081  3.6460  4.033    0  0.000  0.538     0.00     0.00     0.00     0.00     0.00 -1 -1.04e-13      0.00 7.092e-01 2.755e-01 2.710e-03 7.399e-04 6.720e-03 -1.000 1.527e-02 4.973 5.160 5.812 4.382
0.0152 0.01508 6.50000 0.9809569716 2.4688401222    0.981 -0.058  3.6491  4.036    0  0.000  0.538     0.00     0.00     0.00     0.00     0.00 -1 -1.08e-13      0.00 7.092e-01 2.755e-01 2.710e-03 7.399e-04 6.720e-03 -1.000 1.527e-02 4.915 5.086 5.725 4.317
0.0152 0.01508 6.50000 1.0000000000 2.4729156494    1.000 -0.042  3.6511  4.037    0  0.000  0.538     0.00     0.00     0.00     0.00     0.00 -1 -1.11e-13      0.00 7.092e-01 2.755e-01 2.710e-03 7.399e-04 6.720e-03 -1.000 1.527e-02 4.876 5.037 5.668 4.274
0.0152 0.01508 6.50000 1.0375319719 2.4804465771    1.037 -0.015  3.6547  4.039    0  0.000  0.538     0.00     0.00     0.00     0.00     0.00 -1 -1.09e-13      0.00 7.092e-01 2.755e-01 2.710e-03 7.399e-04 6.720e-03 -1.000 1.527e-02 4.807 4.952 5.569 4.198
0.0152 0.01508 6.50000 1.0499999523 2.4828116894    1.050 -0.005  3.6559  4.040    0  0.000  0.538     0.00     0.00     0.00     0.00     0.00 -1 -1.09e-13      0.00 7.092e-01 2.755e-01 2.710e-03 7.399e-04 6.720e-03 -1.000 1.527e-02 4.784 4.923 5.535 4.173
0.0152 0.01508 6.50000 1.1000000238 2.4916803837    1.099  0.033  3.6608  4.041    0  0.000  0.538     0.00     0.00     0.00     0.00     0.00 -1 -1.07e-13      0.00 7.092e-01 2.755e-01 2.710e-03 7.399e-04 6.720e-03 -1.000 1.527e-02 4.686 4.803 5.397 4.067
0.0152 0.01508 6.50000 1.1499999762 2.4996678829    1.149  0.070  3.6654  4.042    0  0.000  0.538     0.00     0.00     0.00     0.00     0.00 -1 -1.04e-13      0.00 7.092e-01 2.755e-01 2.710e-03 7.399e-04 6.720e-03 -1.000 1.527e-02 4.596 4.694 5.271 3.970
0.0152 0.01508 6.50000 1.2000000477 2.5068950653    1.200  0.105  3.6700  4.044    0  0.000  0.538     0.00     0.00     0.00     0.00     0.00 -1 -1.01e-13      0.00 7.092e-01 2.755e-01 2.710e-03 7.399e-04 6.720e-03 -1.000 1.527e-02 4.507 4.586 5.148 3.875
0.0152 0.01508 6.50000 1.2393213511 2.5121099949    1.239  0.131  3.6733  4.046    0  0.000  0.538     0.00     0.00     0.00     0.00     0.00 -1 -9.64e-14      0.00 7.092e-01 2.755e-01 2.710e-03 7.399e-04 6.720e-03 -1.000 1.527e-02 4.443 4.510 5.061 3.807
0.0152 0.01508 6.50000 1.2500000000 2.5134611130    1.250  0.139  3.6743  4.045    0  0.000  0.538     0.00     0.00     0.00     0.00     0.00 -1 -9.57e-14      0.00 7.092e-01 2.755e-01 2.710e-03 7.399e-04 6.720e-03 -1.000 1.527e-02 4.423 4.487 5.034 3.786
0.0152 0.01508 6.50000 1.2999999523 2.5194499493    1.300  0.175  3.6787  4.044    0  0.000  0.538     0.00     0.00     0.00     0.00     0.00 -1 -9.08e-14      0.00 7.092e-01 2.755e-01 2.710e-03 7.399e-04 6.720e-03 -1.000 1.527e-02 4.332 4.379 4.913 3.691
0.0152 0.01508 6.50000 1.3082528114 2.5203878880    1.308  0.180  3.6794  4.044    0  0.000  0.538     0.00     0.00     0.00     0.00     0.00 -1 -8.95e-14      0.00 7.092e-01 2.755e-01 2.710e-03 7.399e-04 6.720e-03 -1.000 1.527e-02 4.320 4.365 4.896 3.678
0.0152 0.01508 6.50000 1.3500001431 2.5249314308    1.350  0.210  3.6830  4.042    0  0.000  0.538     0.00     0.00     0.00     0.00     0.00 -1 -8.46e-14      0.00 7.092e-01 2.755e-01 2.710e-03 7.399e-04 6.720e-03 -1.000 1.527e-02 4.245 4.278 4.798 3.600
0.0152 0.01508 6.50000 1.4000000954 2.5299651623    1.400  0.246  3.6873  4.039    0  0.000  0.538     0.00     0.00     0.00     0.00     0.00 -1 -7.78e-14      0.00 7.092e-01 2.755e-01 2.710e-03 7.399e-04 6.720e-03 -1.000 1.527e-02 4.154 4.173 4.681 3.506
0.0152 0.01508 6.50000 1.4500000477 2.5346016884    1.450  0.280  3.6914  4.037    0  0.000  0.538     0.00     0.00     0.00     0.00     0.00 -1 -6.89e-14      0.00 7.092e-01 2.755e-01 2.710e-03 7.399e-04 6.720e-03 -1.000 1.527e-02 4.070 4.077 4.572 3.420
0.0152 0.01508 6.50000 1.4801601171 2.5372250080    1.480  0.298  3.6938  4.037    0  0.000  0.538     0.00     0.00     0.00     0.00     0.00 -1  -6.2e-14      0.00 7.092e-01 2.755e-01 2.710e-03 7.399e-04 6.720e-03 -1.000 1.527e-02 4.025 4.025 4.513 3.374
0.0152 0.01508 6.50000 1.5000000000 2.5388846397    1.500  0.313  3.6955  4.035    0  0.000  0.538     0.00     0.00     0.00     0.00     0.00 -1 -5.85e-14      0.00 7.092e-01 2.755e-01 2.710e-03 7.399e-04 6.720e-03 -1.000 1.527e-02 3.988 3.983 4.466 3.336
0.0152 0.01508 6.50000 1.5499999523 2.5428512096    1.550  0.348  3.6997  4.031    0  0.000  0.538     0.00     0.00     0.00     0.00     0.00 -1 -4.72e-14      0.00 7.092e-01 2.755e-01 2.710e-03 7.399e-04 6.720e-03 -1.000 1.527e-02 3.899 3.882 4.354 3.246
0.0152 0.01508 6.50000 1.5863268375 2.5455534458    1.586  0.377  3.7028  4.025    0  0.000  0.538     0.00     0.00     0.00     0.00     0.00 -1 -3.72e-14      0.00 7.092e-01 2.755e-01 2.710e-03 7.399e-04 6.720e-03 -1.000 1.527e-02 3.829 3.804 4.268 3.175
0.0152 0.01508 6.50000 1.6000000238 2.5465342999    1.600  0.388  3.7040  4.022    0  0.000  0.538     0.00     0.00     0.00     0.00     0.00 -1 -3.42e-14      0.00 7.092e-01 2.755e-01 2.710e-03 7.399e-04 6.720e-03 -1.000 1.527e-02 3.799 3.772 4.232 3.145
0.0152 0.01508 6.50000 1.6500000954 2.5499615669    1.649  0.420  3.7080  4.019    0  0.000  0.538     0.00     0.00     0.00     0.00     0.00 -1 -1.82e-14      0.00 7.092e-01 2.755e-01 2.710e-03 7.399e-04 6.720e-03 -1.000 1.527e-02 3.720 3.683 4.133 3.066
0.0152 0.01508 6.50000 1.7000000477 2.5531582832    1.699  0.455  3.7120  4.014    0  0.000  0.538     0.00     0.00     0.00     0.00     0.00 -1    -1e-30      0.00 7.092e-01 2.755e-01 2.710e-03 7.399e-04 6.720e-03 -1.000 1.527e-02 3.633 3.587 4.028 2.979
0.0152 0.01508 6.50000 1.7113968134 2.5538568497    1.711  0.462  3.7129  4.012    0  0.000  0.538     0.00     0.00     0.00     0.00     0.00 -1    -1e-30      0.00 7.092e-01 2.755e-01 2.710e-03 7.399e-04 6.720e-03 -1.000 1.527e-02 3.614 3.566 4.005 2.960
0.0152 0.01508 6.50000 1.7500000000 2.5561456680    1.749  0.491  3.7161  4.007    0  0.000  0.538     0.00     0.00     0.00     0.00     0.00 -1    -1e-30      0.00 7.092e-01 2.755e-01 2.710e-03 7.399e-04 6.720e-03 -1.000 1.527e-02 3.544 3.489 3.920 2.890
0.0152 0.01508 6.50000 1.7698563337 2.5572783947    1.769  0.505  3.7177  4.004    0  0.000  0.538     0.00     0.00     0.00     0.00     0.00 -1    -1e-30      0.00 7.092e-01 2.755e-01 2.710e-03 7.399e-04 6.720e-03 -1.000 1.527e-02 3.509 3.450 3.878 2.855
0.0152 0.01508 6.50000 1.7999999523 2.5589430332    1.799  0.529  3.7203  3.997    0  0.000  0.538     0.00     0.00     0.00     0.00     0.00 -1    -1e-30      0.00 7.092e-01 2.755e-01 2.710e-03 7.399e-04 6.720e-03 -1.000 1.527e-02 3.448 3.384 3.805 2.794
0.0152 0.01508 6.50000 1.8493915796 2.5615363121    1.848  0.573  3.7249  3.983    0  0.000  0.538     0.00     0.00     0.00     0.00     0.00 -1    -1e-30      0.00 7.092e-01 2.755e-01 2.710e-03 7.399e-04 6.720e-03 -1.000 1.527e-02 3.337 3.264 3.675 2.685
0.0152 0.01508 6.50000 1.8500000238 2.5615673065    1.849  0.574  3.7249  3.983    0  0.000  0.538     0.00     0.00     0.00     0.00     0.00 -1    -1e-30      0.00 7.092e-01 2.755e-01 2.710e-03 7.399e-04 6.720e-03 -1.000 1.527e-02 3.335 3.263 3.673 2.683
0.0152 0.01508 6.50000 1.9000000954 2.5640332699    1.899  0.617  3.7294  3.969    0  0.000  0.538     0.00     0.00     0.00     0.00     0.00 -1    -1e-30      0.00 7.092e-01 2.755e-01 2.710e-03 7.399e-04 6.720e-03 -1.000 1.527e-02 3.228 3.147 3.548 2.578
0.0152 0.01508 6.50000 1.9500001669 2.5663545132    1.950  0.661  3.7339  3.954    0  0.000  0.538     0.00     0.00     0.00     0.00     0.00 -1    -1e-30      0.00 7.092e-01 2.755e-01 2.710e-03 7.399e-04 6.720e-03 -1.000 1.527e-02 3.117 3.029 3.419 2.469
0.0152 0.01508 6.50000 1.9523723125 2.5664610863    1.952  0.663  3.7341  3.953    0  0.000  0.538     0.00     0.00     0.00     0.00     0.00 -1    -1e-30      0.00 7.092e-01 2.755e-01 2.710e-03 7.399e-04 6.720e-03 -1.000 1.527e-02 3.111 3.023 3.413 2.464
0.0152 0.01508 6.50000 2.0000000000 2.5685424805    2.000  0.713  3.7388  3.934    0  0.000  0.538     0.00     0.00     0.00     0.00     0.00 -1    -1e-30      0.00 7.092e-01 2.755e-01 2.710e-03 7.399e-04 6.720e-03 -1.000 1.527e-02 2.989 2.893 3.272 2.344
0.0152 0.01508 6.50000 2.0281436443 2.5697197914    2.028  0.741  3.7415  3.922    0  0.000  0.538     0.00     0.00     0.00     0.00     0.00 -1    -1e-30      0.00 7.092e-01 2.755e-01 2.710e-03 7.399e-04 6.720e-03 -1.000 1.527e-02 2.917 2.818 3.192 2.275
0.0152 0.01508 6.50000 2.0499999523 2.5706083775    2.050  0.767  3.7439  3.910    0  0.000  0.538     0.00     0.00     0.00     0.00     0.00 -1    -1e-30      0.00 7.092e-01 2.755e-01 2.710e-03 7.399e-04 6.720e-03 -1.000 1.527e-02 2.853 2.752 3.120 2.213
0.0152 0.01508 6.50000 2.0791857243 2.5717616081    2.078  0.802  3.7470  3.894    0  0.000  0.538     0.00     0.00     0.00     0.00     0.00 -1    -1e-30      0.00 7.092e-01 2.755e-01 2.710e-03 7.399e-04 6.720e-03 -1.000 1.527e-02 2.766 2.661 3.022 2.129
0.0152 0.01508 6.50000 2.0999999046 2.5725615025    2.099  0.830  3.7495  3.879    0  0.000  0.538     0.00     0.00     0.00     0.00     0.00 -1    -1e-30      0.00 7.092e-01 2.755e-01 2.710e-03 7.399e-04 6.720e-03 -1.000 1.527e-02 2.694 2.586 2.942 2.060
0.0152 0.01508 6.50000 2.1300644875 2.5736854076    2.129  0.873  3.7531  3.857    0  0.000  0.538     0.00     0.00     0.00     0.00     0.00 -1    -1e-30      0.00 7.092e-01 2.755e-01 2.710e-03 7.399e-04 6.720e-03 -1.000 1.527e-02 2.587 2.476 2.824 1.958
0.0152 0.01508 6.50000 2.1500000954 2.5744106770    2.149  0.906  3.7558  3.839    0  0.000  0.538     0.00     0.00     0.00     0.00     0.00 -1    -1e-30      0.00 7.092e-01 2.755e-01 2.710e-03 7.399e-04 6.720e-03 -1.000 1.527e-02 2.505 2.391 2.733 1.880
0.0152 0.01508 6.50000 2.1714913845 2.5751755238    2.170  0.942  3.7588  3.819    0  0.000  0.538     0.00     0.00     0.00     0.00     0.00 -1    -1e-30      0.00 7.092e-01 2.755e-01 2.710e-03 7.399e-04 6.720e-03 -1.000 1.527e-02 2.415 2.297 2.633 1.793
0.0152 0.01508 6.50000 2.2000000477 2.5761635303    2.199  0.996  3.7632  3.789    0  0.000  0.538     0.00     0.00     0.00     0.00     0.00 -1    -1e-30      0.00 7.092e-01 2.755e-01 2.710e-03 7.399e-04 6.720e-03 -1.000 1.527e-02 2.280 2.159 2.485 1.666
0.0152 0.01508 6.50000 2.2010877132 2.5762004852    2.200  0.998  3.7634  3.788    0  0.000  0.538     0.00     0.00     0.00     0.00     0.00 -1    -1e-30      0.00 7.092e-01 2.755e-01 2.710e-03 7.399e-04 6.720e-03 -1.000 1.527e-02 2.275 2.154 2.479 1.661
0.0152 0.01508 6.50000 2.2362549305 2.5773780346    2.235  1.068  3.7692  3.748    0  0.000  0.538     0.00     0.00     0.00     0.00     0.00 -1    -1e-30      0.00 7.092e-01 2.755e-01 2.710e-03 7.399e-04 6.720e-03 -1.000 1.527e-02 2.099 1.974 2.286 1.495
0.0152 0.01508 6.50000 2.2500000000 2.5778269768    2.249  1.096  3.7717  3.733    0  0.000  0.538     0.00     0.00     0.00     0.00     0.00 -1    -1e-30      0.00 7.092e-01 2.755e-01 2.710e-03 7.399e-04 6.720e-03 -1.000 1.527e-02 2.030 1.903 2.210 1.430
0.0152 0.01508 6.50000 2.2700958252 2.5784716606    2.269  1.136  3.7753  3.711    0  0.000  0.538     0.00     0.00     0.00     0.00     0.00 -1    -1e-30      0.00 7.092e-01 2.755e-01 2.710e-03 7.399e-04 6.720e-03 -1.000 1.527e-02 1.929 1.800 2.099 1.336
0.0152 0.01508 6.50000 2.2999999523 2.5794074535    2.299  1.195  3.7811  3.681    0  0.000  0.538     0.00     0.00     0.00     0.00     0.00 -1    -1e-30      0.00 7.092e-01 2.755e-01 2.710e-03 7.399e-04 6.720e-03 -1.000 1.527e-02 1.782 1.649 1.935 1.200
0.0152 0.01508 6.50000 2.3246297836 2.5801572800    2.323  1.243  3.7863  3.658    0  0.000  0.538     0.00     0.00     0.00     0.00     0.00 -1    -1e-30      0.00 7.092e-01 2.755e-01 2.710e-03 7.399e-04 6.720e-03 -1.000 1.527e-02 1.661 1.527 1.802 1.090
0.0152 0.01508 6.50000 2.3558931351 2.5810832977    2.355  1.305  3.7937  3.632    0  0.000  0.538     0.00     0.00     0.00     0.00     0.00 -1    -1e-30      0.00 7.092e-01 2.755e-01 2.710e-03 7.399e-04 6.720e-03 -1.000 1.527e-02 1.508 1.371 1.631 0.953
0.0152 0.01508 6.50000 2.3864655495 2.5819618702    2.385  1.365  3.8025  3.612    0  0.000  0.538     0.00     0.00     0.00     0.00     0.00 -1    -1e-30      0.00 7.092e-01 2.755e-01 2.710e-03 7.399e-04 6.720e-03 -1.000 1.527e-02 1.357 1.218 1.459 0.823
0.0152 0.01508 6.50000 2.4000000954 2.5823426247    2.399  1.393  3.8070  3.605    0  0.000  0.538     0.00     0.00     0.00     0.00     0.00 -1    -1e-30      0.00 7.092e-01 2.755e-01 2.710e-03 7.399e-04 6.720e-03 -1.000 1.527e-02 1.289 1.150 1.382 0.766
0.0152 0.01508 6.50000 2.4162991047 2.5827944279    2.415  1.427  3.8138  3.601    0  0.000  0.538     0.00     0.00     0.00     0.00     0.00 -1    -1e-30      0.00 7.092e-01 2.755e-01 2.710e-03 7.399e-04 6.720e-03 -1.000 1.527e-02 1.202 1.063 1.282 0.697
0.0152 0.01508 6.50000 2.4310843945 2.5831985474    2.430  1.459  3.8214  3.603    0  0.000  0.538     0.00     0.00     0.00     0.00     0.00 -1    -1e-30      0.00 7.092e-01 2.755e-01 2.710e-03 7.399e-04 6.720e-03 -1.000 1.527e-02 1.123 0.983 1.189 0.636
0.0152 0.01508 6.50000 2.4443092346 2.5835549831    2.444  1.487  3.8295  3.609    0  0.000  0.538     0.00     0.00     0.00     0.00     0.00 -1    -1e-30      0.00 7.092e-01 2.755e-01 2.710e-03 7.399e-04 6.720e-03 -1.000 1.527e-02 1.052 0.912 1.103 0.584
0.0152 0.01508 6.50000 2.4569036961 2.5838906765    2.456  1.515  3.8383  3.619    0  0.000  0.538     0.00     0.00     0.00     0.00     0.00 -1    -1e-30      0.00 7.092e-01 2.755e-01 2.710e-03 7.399e-04 6.720e-03 -1.000 1.527e-02 0.984 0.844 1.020 0.538
0.0152 0.01508 6.50000 2.4691224098 2.5842123032    2.468  1.541  3.8476  3.631    0  0.000  0.538     0.00     0.00     0.00     0.00     0.00 -1    -1e-30      0.00 7.092e-01 2.755e-01 2.710e-03 7.399e-04 6.720e-03 -1.000 1.527e-02 0.917 0.779 0.940 0.496
0.0152 0.01508 6.50000 2.4810283184 2.5845222473    2.480  1.567  3.8572  3.646    0  0.000  0.538     0.00     0.00     0.00     0.00     0.00 -1    -1e-30      0.00 7.092e-01 2.755e-01 2.710e-03 7.399e-04 6.720e-03 -1.000 1.527e-02 0.851 0.717 0.861 0.458
0.0152 0.01508 6.50000 2.4926621914 2.5848219395    2.492  1.593  3.8668  3.661    0  0.000  0.538     0.00     0.00     0.00     0.00     0.00 -1    -1e-30      0.00 7.092e-01 2.755e-01 2.710e-03 7.399e-04 6.720e-03 -1.000 1.527e-02 0.787 0.657 0.786 0.423
0.0152 0.01508 6.50000 2.5040521622 2.5851120949    2.504  1.618  3.8765  3.676    0  0.000  0.538     0.00     0.00     0.00     0.00     0.00 -1    -1e-30      0.00 7.092e-01 2.755e-01 2.710e-03 7.399e-04 6.720e-03 -1.000 1.527e-02 0.724 0.600 0.714 0.391
0.0152 0.01508 6.50000 2.5152232647 2.5853939056    2.515  1.643  3.8863  3.693    0  0.000  0.538     0.00     0.00     0.00     0.00     0.00 -1    -1e-30      0.00 7.092e-01 2.755e-01 2.710e-03 7.399e-04 6.720e-03 -1.000 1.527e-02 0.663 0.546 0.644 0.363
0.0152 0.01508 6.50000 2.5298080444 2.5857572556    2.529  1.675  3.8994  3.715    0  0.000  0.538     0.00     0.00     0.00     0.00     0.00 -1    -1e-30      0.00 7.092e-01 2.755e-01 2.710e-03 7.399e-04 6.720e-03 -1.000 1.527e-02 0.582 0.479 0.558 0.331
0.0152 0.01508 6.50000 2.5440826416 2.5861084461    2.544  1.706  3.9125  3.739    0  0.000  0.538     0.00     0.00     0.00     0.00     0.00 -1    -1e-30      0.00 7.092e-01 2.755e-01 2.710e-03 7.399e-04 6.720e-03 -1.000 1.527e-02 0.504 0.421 0.481 0.305
0.0152 0.01508 6.50000 2.5580959320 2.5864489079    2.558  1.737  3.9256  3.764    0  0.000  0.538     0.00     0.00     0.00     0.00     0.00 -1    -1e-30      0.00 7.092e-01 2.755e-01 2.710e-03 7.399e-04 6.720e-03 -1.000 1.527e-02 0.429 0.370 0.414 0.285
0.0152 0.01508 6.50000 2.5718970299 2.5867798328    2.572  1.766  3.9389  3.790    0  0.000  0.538     0.00     0.00     0.00     0.00     0.00 -1    -1e-30      0.00 7.092e-01 2.755e-01 2.710e-03 7.399e-04 6.720e-03 -1.000 1.527e-02 0.355 0.328 0.358 0.270
0.0152 0.01508 6.50000 2.5855484009 2.5871033669    2.585  1.794  3.9521  3.817    0  0.000  0.538     0.00     0.00     0.00     0.00     0.00 -1    -1e-30      0.00 7.092e-01 2.755e-01 2.710e-03 7.399e-04 6.720e-03 -1.000 1.527e-02 0.284 0.299 0.317 0.263
0.0152 0.01508 6.50000 2.5991313457 2.5874211788    2.599  1.822  3.9655  3.845    0  0.000  0.538     0.00     0.00     0.00     0.00     0.00 -1    -1e-30      0.00 7.092e-01 2.755e-01 2.710e-03 7.399e-04 6.720e-03 -1.000 1.527e-02 0.216 0.279 0.287 0.263
0.0152 0.01508 6.50000 2.5999999046 2.5874414444    2.600  1.823  3.9663  3.847    0  0.000  0.538     0.00     0.00     0.00     0.00     0.00 -1    -1e-30      0.00 7.092e-01 2.755e-01 2.710e-03 7.399e-04 6.720e-03 -1.000 1.527e-02 0.211 0.278 0.285 0.263
0.0152 0.01508 6.50000 2.6084783077 2.5876379013    2.608  1.840  3.9745  3.865    0  0.000  0.538     0.00     0.00     0.00     0.00     0.00 -1    -1e-30      0.00 7.092e-01 2.755e-01 2.710e-03 7.399e-04 6.720e-03 -1.000 1.527e-02 0.171 0.270 0.272 0.266
0.0152 0.01508 6.50000 2.6219842434 2.5879476070    2.622  1.864  3.9874  3.894    0  0.000  0.538     0.00     0.00     0.00     0.00     0.00 -1    -1e-30      0.00 7.092e-01 2.755e-01 2.710e-03 7.399e-04 6.720e-03 -1.000 1.527e-02 0.111 0.265 0.259 0.276
0.0152 0.01508 6.50000 2.6358470917 2.5882618427    2.636  1.886  4.0003  3.926    0  0.000  0.538     0.00     0.00     0.00     0.00     0.00 -1    -1e-30      0.00 7.092e-01 2.755e-01 2.710e-03 7.399e-04 6.720e-03 -1.000 1.527e-02 0.056 0.268 0.255 0.292
0.0152 0.01508 6.50000 2.6506409645 2.5885930061    2.651  1.904  4.0131  3.961    0  0.000  0.538     0.00     0.00     0.00     0.00     0.00 -1    -1e-30      0.00 7.092e-01 2.755e-01 2.710e-03 7.399e-04 6.720e-03 -1.000 1.527e-02 0.010 0.282 0.263 0.318
0.0152 0.01508 6.50000 2.6588540077 2.5887749195    2.659  1.913  4.0198  3.981    0  0.000  0.538     0.00     0.00     0.00     0.00     0.00 -1    -1e-30      0.00 7.092e-01 2.755e-01 2.710e-03 7.399e-04 6.720e-03 -1.000 1.527e-02 -0.012 0.293 0.271 0.334
0.0152 0.01508 6.50000 2.6678819656 2.5889735222    2.668  1.912  4.0248  4.003    0  0.000  0.538     0.00     0.00     0.00     0.00     0.00 -1    -1e-30      0.00 7.092e-01 2.755e-01 2.710e-03 7.399e-04 6.720e-03 -1.000 1.527e-02 -0.011 0.318 0.294 0.363
0.0152 0.01508 6.50000 2.6925277710 2.5895078182    2.693  1.893  4.0334  4.061    0  0.000  0.538     0.00     0.00     0.00     0.00     0.00 -1    -1e-30      0.00 7.092e-01 2.755e-01 2.710e-03 7.399e-04 6.720e-03 -1.000 1.527e-02 0.038 0.409 0.382 0.461
0.0152 0.01508 6.50000 2.7081413269 2.5898406506    2.708  1.868  4.0349  4.095    0  0.000  0.538     0.00     0.00     0.00     0.00     0.00 -1    -1e-30      0.00 7.092e-01 2.755e-01 2.710e-03 7.399e-04 6.720e-03 -1.000 1.527e-02 0.101 0.481 0.453 0.533
0.0152 0.01508 6.50000 2.7211468220 2.5901143551    2.721  1.840  4.0340  4.120    0  0.000  0.538     0.00     0.00     0.00     0.00     0.00 -1    -1e-30      0.00 7.092e-01 2.755e-01 2.710e-03 7.399e-04 6.720e-03 -1.000 1.527e-02 0.169 0.544 0.517 0.595
0.0152 0.01508 6.50000 2.7339205742 2.5903804302    2.734  1.813  4.0320  4.142    0  0.000  0.538     0.00     0.00     0.00     0.00     0.00 -1    -1e-30      0.00 7.092e-01 2.755e-01 2.710e-03 7.399e-04 6.720e-03 -1.000 1.527e-02 0.237 0.603 0.576 0.653
0.0152 0.01508 6.50000 2.7479596138 2.5906693935    2.748  1.787  4.0296  4.160    0  0.000  0.538     0.00     0.00     0.00     0.00     0.00 -1    -1e-30      0.00 7.092e-01 2.755e-01 2.710e-03 7.399e-04 6.720e-03 -1.000 1.527e-02 0.302 0.656 0.631 0.704
0.0152 0.01508 6.50000 2.7661144733 2.5910382271    2.767  1.770  4.0282  4.174    0  0.000  0.538     0.00     0.00     0.00     0.00     0.00 -1    -1e-30      0.00 7.092e-01 2.755e-01 2.710e-03 7.399e-04 6.720e-03 -1.000 1.527e-02 0.344 0.692 0.667 0.738
0.0152 0.01508 6.50000 2.8000001907 2.5917119980    2.800  1.759  4.0284  4.192    0  0.000  0.538     0.00     0.00     0.00     0.00     0.00 -1    -1e-30      0.00 7.092e-01 2.755e-01 2.710e-03 7.399e-04 6.720e-03 -1.000 1.527e-02 0.374 0.722 0.698 0.769
0.0152 0.01508 6.50000 2.8013422489 2.5917382240    2.802  1.758  4.0284  4.193    0  0.000  0.538     0.00     0.00     0.00     0.00     0.00 -1    -1e-30      0.00 7.092e-01 2.755e-01 2.710e-03 7.399e-04 6.720e-03 -1.000 1.527e-02 0.375 0.723 0.699 0.770
0.0152 0.01508 6.50000 2.8144366741 2.5919933319    2.815  1.770  4.0315  4.195    0  0.000  0.538     0.00     0.00     0.00     0.00     0.00 -1    -1e-30      0.00 7.092e-01 2.755e-01 2.710e-03 7.399e-04 6.720e-03 -1.000 1.527e-02 0.344 0.708 0.682 0.757
0.0152 0.01508 6.50000 2.8643181324 2.5929403305    2.865  1.837  4.0488  4.205    0  0.000  0.538     0.00     0.00     0.00     0.00     0.00 -1    -1e-30      0.00 7.092e-01 2.755e-01 2.710e-03 7.399e-04 6.720e-03 -1.000 1.527e-02 0.177 0.627 0.594 0.689
0.0152 0.01508 6.50000 2.8945245743 2.5934956074    2.895  1.890  4.0638  4.217    0  0.000  0.538     0.00     0.00     0.00     0.00     0.00 -1    -1e-30      0.00 7.092e-01 2.755e-01 2.710e-03 7.399e-04 6.720e-03 -1.000 1.527e-02 0.046 0.572 0.533 0.644
0.0152 0.01508 6.50000 2.9163122177 2.5938880444    2.917  1.931  4.0768  4.230    0  0.000  0.538     0.00     0.00     0.00     0.00     0.00 -1    -1e-30      0.00 7.092e-01 2.755e-01 2.710e-03 7.399e-04 6.720e-03 -1.000 1.527e-02 -0.059 0.535 0.492 0.615
0.0152 0.01508 6.50000 2.9336361885 2.5941951275    2.934  1.963  4.0875  4.245    0  0.000  0.538     0.00     0.00     0.00     0.00     0.00 -1    -1e-30      0.00 7.092e-01 2.755e-01 2.710e-03 7.399e-04 6.720e-03 -1.000 1.527e-02 -0.137 0.513 0.467 0.600
0.0152 0.01508 6.50000 2.9488904476 2.5944623947    2.949  1.986  4.0962  4.259    0  0.000  0.538     0.00     0.00     0.00     0.00     0.00 -1    -1e-30      0.00 7.092e-01 2.755e-01 2.710e-03 7.399e-04 6.720e-03 -1.000 1.527e-02 -0.194 0.503 0.454 0.594
0.0152 0.01508 6.50000 2.9702534676 2.5948309898    2.970  2.003  4.1051  4.280    0  0.000  0.538     0.00     0.00     0.00     0.00     0.00 -1    -1e-30      0.00 7.092e-01 2.755e-01 2.710e-03 7.399e-04 6.720e-03 -1.000 1.527e-02 -0.237 0.508 0.456 0.605
0.0152 0.01508 6.50000 3.0000000000 2.5953342915    3.000  2.003  4.1112  4.309    0  0.000  0.538     0.00     0.00     0.00     0.00     0.00 -1    -1e-30      0.00 7.092e-01 2.755e-01 2.710e-03 7.399e-04 6.720e-03 -1.000 1.527e-02 -0.236 0.542 0.489 0.643
0.0152 0.01508 6.50000 3.0181267262 2.5956354141    3.018  2.002  4.1148  4.327    0  0.000  0.538     0.00     0.00     0.00     0.00     0.00 -1    -1e-30      0.00 7.092e-01 2.755e-01 2.710e-03 7.399e-04 6.720e-03 -1.000 1.527e-02 -0.235 0.565 0.510 0.667
0.0152 0.01508 6.50000 3.0520627499 2.5961883068    3.052  1.989  4.1156  4.348    0  0.000  0.538     0.00     0.00     0.00     0.00     0.00 -1    -1e-30      0.00 7.092e-01 2.755e-01 2.710e-03 7.399e-04 6.720e-03 -1.000 1.527e-02 -0.202 0.602 0.547 0.705
0.0152 0.01508 6.50000 3.1133568287 2.5971515179    3.113  1.999  4.1181  4.357    0  0.000  0.538     0.00     0.00     0.00     0.00     0.00 -1    -1e-30      0.00 7.092e-01 2.755e-01 2.710e-03 7.399e-04 6.720e-03 -1.000 1.527e-02 -0.227 0.591 0.535 0.695
0.0152 0.01508 6.50000 3.1947343349 2.5983650684    3.194  2.023  4.1227  4.362    0  0.000  0.538     0.00     0.00     0.00     0.00     0.00 -1    -1e-30      0.00 7.092e-01 2.755e-01 2.710e-03 7.399e-04 6.720e-03 -1.000 1.527e-02 -0.289 0.555 0.498 0.662
0.0152 0.01508 6.50000 3.2000000477 2.5984411240    3.199  2.026  4.1232  4.362    0  0.000  0.538     0.00     0.00     0.00     0.00     0.00 -1    -1e-30      0.00 7.092e-01 2.755e-01 2.710e-03 7.399e-04 6.720e-03 -1.000 1.527e-02 -0.296 0.551 0.493 0.658
0.0152 0.01508 6.50000 3.4000000954 2.6011312008    3.398  2.125  4.1406  4.358    0  0.000  0.538     0.00     0.00     0.00     0.00     0.00 -1    -1e-30      0.00 7.092e-01 2.755e-01 2.710e-03 7.399e-04 6.720e-03 -1.000 1.527e-02 -0.544 0.400 0.337 0.517
0.0152 0.01508 6.50000 3.6000001431 2.6034805775    3.598  2.218  4.1568  4.355    0  0.000  0.538     0.00     0.00     0.00     0.00     0.00 -1    -1e-30      0.00 7.092e-01 2.755e-01 2.710e-03 7.399e-04 6.720e-03 -1.000 1.527e-02 -0.776 0.260 0.192 0.386
0.0152 0.01508 6.50000 3.8000001907 2.6055479050    3.798  2.306  4.1719  4.351    0  0.000  0.538     0.00     0.00     0.00     0.00     0.00 -1    -1e-30      0.00 7.092e-01 2.755e-01 2.710e-03 7.399e-04 6.720e-03 -1.000 1.527e-02 -0.996 0.127 0.055 0.262
0.0152 0.01508 6.50000 4.0000000000 2.6073791981    4.001  2.388  4.1860  4.348    0  0.000  0.538     0.00     0.00     0.00     0.00     0.00 -1    -1e-30      0.00 7.092e-01 2.755e-01 2.710e-03 7.399e-04 6.720e-03 -1.000 1.527e-02 -1.201 0.005 -0.072 0.147
0.0152 0.01508 6.50000 4.1999998093 2.6090114117    4.198  2.467  4.1994  4.344    0  0.000  0.538     0.00     0.00     0.00     0.00     0.00 -1    -1e-30      0.00 7.092e-01 2.755e-01 2.710e-03 7.399e-04 6.720e-03 -1.000 1.527e-02 -1.397 -0.113 -0.193 0.037
0.0152 0.01508 6.50000 4.4000000954 2.6104743481    4.397  2.541  4.2117  4.339    0  0.000  0.538     0.00     0.00     0.00     0.00     0.00 -1    -1e-30      0.00 7.092e-01 2.755e-01 2.710e-03 7.399e-04 6.720e-03 -1.000 1.527e-02 -1.581 -0.225 -0.309 -0.069
0.0152 0.01508 6.50000 4.5999999046 2.6117916107    4.597  2.611  4.2235  4.335    0  0.000  0.538     0.00     0.00     0.00     0.00     0.00 -1    -1e-30      0.00 7.092e-01 2.755e-01 2.710e-03 7.399e-04 6.720e-03 -1.000 1.527e-02 -1.757 -0.331 -0.419 -0.169
0.0152 0.01508 6.50000 4.8000001907 2.6129837036    4.798  2.679  4.2348  4.332    1  0.000  0.538     0.00     0.00     0.00     0.00     0.00 -1    -1e-30      0.00 7.092e-01 2.755e-01 2.710e-03 7.399e-04 6.720e-03 -1.000 1.527e-02 -1.926 -0.434 -0.524 -0.265
0.0152 0.01508 6.50000 5.0000000000 2.6140668392    4.999  2.742  4.2449  4.327    1  0.000  0.538     0.00     0.00     0.00     0.00     0.00 -1    -1e-30      0.00 7.092e-01 2.755e-01 2.710e-03 7.399e-04 6.720e-03 -1.000 1.527e-02 -2.084 -0.532 -0.626 -0.357
0.0152 0.01508 6.50000 5.1999998093 2.6150546074    5.200  2.803  4.2547  4.322    1  0.000  0.538     0.00     0.00     0.00     0.00     0.00 -1    -1e-30      0.00 7.092e-01 2.755e-01 2.710e-03 7.399e-04 6.720e-03 -1.000 1.527e-02 -2.237 -0.627 -0.724 -0.447
0.0152 0.01508 6.50000 5.3999996185 2.6159586906    5.401  2.861  4.2643  4.318    0  0.000  0.538     0.00     0.00     0.00     0.00     0.00 -1    -1e-30      0.00 7.092e-01 2.755e-01 2.710e-03 7.399e-04 6.720e-03 -1.000 1.527e-02 -2.384 -0.718 -0.817 -0.532
0.0152 0.01508 6.50000 5.5999994278 2.6167888641    5.601  2.918  4.2737  4.315    1  0.000  0.538     0.00     0.00     0.00     0.00     0.00 -1    -1e-30      0.00 7.092e-01 2.755e-01 2.710e-03 7.399e-04 6.720e-03 -1.000 1.527e-02 -2.525 -0.805 -0.906 -0.613
0.0152 0.01508 6.50000 5.8000001907 2.6175537109    5.801  2.972  4.2821  4.310    1  0.000  0.538     0.00     0.00     0.00     0.00     0.00 -1    -1e-30      0.00 7.092e-01 2.755e-01 2.710e-03 7.399e-04 6.720e-03 -1.000 1.527e-02 -2.659 -0.890 -0.994 -0.694
0.0152 0.01508 6.50000 6.0000000000 2.6182601452    6.000  3.024  4.2900  4.305    1  0.000  0.538     0.00     0.00     0.00     0.00     0.00 -1    -1e-30      0.00 7.092e-01 2.755e-01 2.710e-03 7.399e-04 6.720e-03 -1.000 1.527e-02 -2.789 -0.974 -1.081 -0.773
0.0152 0.01508 6.50000 6.1999998093 2.6189143658    6.200  3.074  4.2983  4.301    0  0.000  0.538     0.00     0.00     0.00     0.00     0.00 -1    -1e-30      0.00 7.092e-01 2.755e-01 2.710e-03 7.399e-04 6.720e-03 -1.000 1.527e-02 -2.915 -1.053 -1.161 -0.847
0.0152 0.01508 6.50000 6.4000000954 2.6195218563    6.399  3.122  4.3056  4.296    1  0.000  0.538     0.00     0.00     0.00     0.00     0.00 -1    -1e-30      0.00 7.092e-01 2.755e-01 2.710e-03 7.399e-04 6.720e-03 -1.000 1.527e-02 -3.035 -1.131 -1.242 -0.921
0.0152 0.01508 6.50000 7.0000000000 2.6211071014    6.996  3.257  4.3263  4.283    1  0.000  0.538     0.00     0.00     0.00     0.00     0.00 -1    -1e-30      0.00 7.092e-01 2.755e-01 2.710e-03 7.399e-04 6.720e-03 -1.000 1.527e-02 -3.373 -1.351 -1.467 -1.130
0.0152 0.01508 6.50000 7.3853807449 2.6219706535    7.383  3.337  4.3387  4.276    1  0.000  0.538     0.00     0.00     0.00     0.00     0.00 -1    -1e-30      0.00 7.092e-01 2.755e-01 2.710e-03 7.399e-04 6.720e-03 -1.000 1.527e-02 -3.573 -1.481 -1.601 -1.253
0.0152 0.01508 6.50000 8.0000000000 2.6231517792    8.001  3.457  4.3571  4.265    1  0.000  0.538     0.00     0.00     0.00     0.00     0.00 -1    -1e-30      0.00 7.092e-01 2.755e-01 2.710e-03 7.399e-04 6.720e-03 -1.000 1.527e-02 -3.872 -1.678 -1.803 -1.441
0.0152 0.01508 6.50000 8.1873950958 2.6234717369    8.187  3.491  4.3622  4.261    1  0.000  0.538     0.00     0.00     0.00     0.00     0.00 -1    -1e-30      0.00 7.092e-01 2.755e-01 2.710e-03 7.399e-04 6.720e-03 -1.000 1.527e-02 -3.957 -1.735 -1.861 -1.496
0.0152 0.01508 6.50000 9.0000000000 2.6246831417    8.995  3.630  4.3832  4.246    1  0.000  0.538     0.00     0.00     0.00     0.00     0.00 -1    -1e-30      0.00 7.092e-01 2.755e-01 2.710e-03 7.399e-04 6.720e-03 -1.000 1.527e-02 -4.306 -1.970 -2.101 -1.720
0.0152 0.01508 6.50000 10.0000000000 2.6258678436    9.998  3.784  4.4058  4.229    1  0.000  0.538     0.00     0.00     0.00     0.00     0.00 -1    -1e-30      0.00 7.092e-01 2.755e-01 2.710e-03 7.399e-04 6.720e-03 -1.000 1.527e-02 -4.690 -2.191 -2.329 -1.937
0.0152 0.01508 6.50000 10.3718166351 2.6262419224   10.371  3.836  4.4134  4.223    1  0.000  0.538     0.00     0.00     0.00     0.00     0.00 -1    -1e-30      0.00 7.092e-01 2.755e-01 2.710e-03 7.399e-04 6.720e-03 -1.000 1.527e-02 -4.820 -2.276 -2.417 -2.014
0.0152 0.01508 6.50000 11.0000000000 2.6268081665   11.001  3.921  4.4257  4.213    1  0.000  0.538     0.00     0.00     0.00     0.00     0.00 -1    -1e-30      0.00 7.092e-01 2.755e-01 2.710e-03 7.399e-04 6.720e-03 -1.000 1.527e-02 -5.032 -2.417 -2.562 -2.143
0.0152 0.01508 6.50000 12.0000000000 2.6275708675   12.001  4.045  4.4433  4.198    1  0.000  0.538     0.00     0.00     0.00     0.00     0.00 -1    -1e-30      0.00 7.092e-01 2.755e-01 2.710e-03 7.399e-04 6.720e-03 -1.000 1.527e-02 -5.341 -2.678 -2.823 -2.410
0.0152 0.01508 6.50000 13.1856155396 2.6283047199   13.175  4.175  4.4614  4.180    1  0.000  0.542     0.00     0.00     0.00     0.00     0.00 -1 -1.49e-17      0.00 7.092e-01 2.755e-01 2.732e-03 7.405e-04 6.719e-03 -1.000 1.527e-02 -5.668 -2.910 -3.060 -2.628
0.0152 0.01508 6.50000 14.0000000000 2.6287269592   13.982  4.259  4.4728  4.168    0  0.000  0.545     0.00     0.00     0.00     0.00     0.00 -1 -3.67e-09      0.00 7.092e-01 2.755e-01 2.746e-03 7.408e-04 6.719e-03 -1.000 1.527e-02 -5.877 -3.043 -3.199 -2.745
0.0152 0.01508 6.50000 15.3952503204 2.6293325424   15.373  4.388  4.4899  4.149    0  0.000  0.545     0.00     0.00     0.00     0.00     0.00 -1 -7.17e-09      0.00 7.092e-01 2.755e-01 2.746e-03 7.408e-04 6.719e-03 -1.000 1.527e-02 -6.200 -3.288 -3.447 -2.982
0.0152 0.01508 6.50000 16.0000000000 2.6295573711   15.976  4.441  4.4968  4.140    0  0.000  0.545     0.00     0.00     0.00     0.00     0.00 -1 -9.41e-09      0.00 7.092e-01 2.755e-01 2.746e-03 7.408e-04 6.719e-03 -1.000 1.527e-02 -6.332 -3.391 -3.552 -3.083
0.0152 0.01508 6.50000 16.2305107117 2.6296381950   16.202  4.459  4.4992  4.137    0  0.000  0.545     0.00     0.00     0.00     0.00     0.00 -1 -1.03e-08      0.00 7.092e-01 2.755e-01 2.746e-03 7.408e-04 6.719e-03 -1.000 1.527e-02 -6.379 -3.428 -3.590 -3.120
0.0152 0.01508 6.50000 17.7571163177 2.6301124096   17.696  4.579  4.5138  4.114    0  0.000  0.545     0.00     0.00     0.00     0.00     0.00 -1 -1.86e-08      0.00 7.092e-01 2.755e-01 2.746e-03 7.408e-04 6.719e-03 -1.000 1.527e-02 -6.677 -3.652 -3.813 -3.345
0.0152 0.01508 6.50000 18.0000000000 2.6301794052   17.936  4.597  4.5160  4.111    0  0.000  0.545     0.00     0.00     0.00     0.00     0.00 -1 -2.04e-08      0.00 7.092e-01 2.755e-01 2.746e-03 7.408e-04 6.719e-03 -1.000 1.527e-02 -6.723 -3.685 -3.847 -3.379
0.0152 0.01508 6.50000 19.2029895782 2.6304824352   19.116  4.681  4.5257  4.094    0  0.000  0.545     0.00     0.00     0.00     0.00     0.00 -1 -3.04e-08      0.00 7.092e-01 2.755e-01 2.746e-03 7.408e-04 6.719e-03 -1.000 1.527e-02 -6.932 -3.840 -4.001 -3.535
0.0152 0.01508 6.50000 20.0000000000 2.6306605339   19.897  4.734  4.5317  4.082    0  0.000  0.545     0.00     0.00     0.00     0.00     0.00 -1 -3.89e-08      0.00 7.092e-01 2.755e-01 2.746e-03 7.408e-04 6.719e-03 -1.000 1.527e-02 -7.064 -3.934 -4.096 -3.628
0.0152 0.01508 6.50000 20.7347240448 2.6308107376   20.608  4.778  4.5365  4.072    0  0.000  0.545     0.00     0.00     0.00     0.00     0.00 -1 -4.74e-08      0.00 7.092e-01 2.755e-01 2.746e-03 7.408e-04 6.719e-03 -1.000 1.527e-02 -7.175 -4.017 -4.180 -3.709
0.0152 0.01508 6.50000 22.3866672516 2.6311073303   22.199  4.873  4.5462  4.048    0  0.000  0.545     0.00     0.00     0.00     0.00     0.00 -1 -7.31e-08      0.00 7.092e-01 2.755e-01 2.746e-03 7.408e-04 6.719e-03 -1.000 1.527e-02 -7.412 -4.201 -4.365 -3.888
0.0152 0.01508 6.50000 24.0000000000 2.6313521862   23.739  4.960  4.5545  4.024    0  0.000  0.545     0.00     0.00     0.00     0.00     0.00 -1 -1.09e-07      0.00 7.092e-01 2.755e-01 2.746e-03 7.408e-04 6.719e-03 -1.000 1.527e-02 -7.629 -4.370 -4.539 -4.045
0.0152 0.01508 6.50000 24.9583301544 2.6314804554   24.633  5.005  4.5584  4.010    0  0.000  0.545     0.00     0.00     0.00     0.00     0.00 -1 -1.32e-07      0.00 7.092e-01 2.755e-01 2.746e-03 7.408e-04 6.719e-03 -1.000 1.527e-02 -7.743 -4.467 -4.636 -4.141
0.0152 0.01508 6.50000 26.7590351105 2.6316931248   26.296  5.087  4.5646  3.981    0  0.000  0.545     0.00     0.00     0.00     0.00     0.00 -1 -1.88e-07      0.00 7.092e-01 2.755e-01 2.746e-03 7.408e-04 6.719e-03 -1.000 1.527e-02 -7.948 -4.648 -4.816 -4.323
0.0152 0.01508 6.50000 28.0000000000 2.6318216324   27.433  5.141  4.5682  3.960    0  0.000  0.545     0.00     0.00     0.00     0.00     0.00 -1 -2.37e-07      0.00 7.092e-01 2.755e-01 2.746e-03 7.408e-04 6.719e-03 -1.000 1.527e-02 -8.081 -4.770 -4.937 -4.447
0.0152 0.01508 6.50000 29.8377666473 2.6319894791   29.079  5.212  4.5718  3.929    0  0.000  0.545     0.00     0.00     0.00     0.00     0.00 -1  -3.2e-07      0.00 7.092e-01 2.755e-01 2.746e-03 7.408e-04 6.719e-03 -1.000 1.527e-02 -8.260 -4.941 -5.107 -4.623
0.0152 0.01508 6.50000 30.0000000000 2.6320033073   29.227  5.218  4.5720  3.926    0  0.000  0.545     0.00     0.00     0.00     0.00     0.00 -1 -3.28e-07      0.00 7.092e-01 2.755e-01 2.746e-03 7.408e-04 6.719e-03 -1.000 1.527e-02 -8.276 -4.956 -5.122 -4.638
0.0152 0.01508 6.50000 31.3330936432 2.6321096420   30.399  5.265  4.5736  3.903    0  0.000  0.545     0.00     0.00     0.00     0.00     0.00 -1 -3.98e-07      0.00 7.092e-01 2.755e-01 2.746e-03 7.408e-04 6.719e-03 -1.000 1.527e-02 -8.392 -5.074 -5.239 -4.759
0.0152 0.01508 6.50000 33.3277854919 2.6322505474   32.125  5.331  4.5750  3.866    0  0.000  0.545     0.00     0.00     0.00     0.00     0.00 -1  -5.2e-07      0.00 7.092e-01 2.755e-01 2.746e-03 7.408e-04 6.719e-03 -1.000 1.527e-02 -8.558 -5.248 -5.410 -4.938
0.0152 0.01508 6.50000 35.0000000000 2.6323544979   33.546  5.384  4.5751  3.832    0  0.000  0.545     0.00     0.00     0.00     0.00     0.00 -1 -6.41e-07      0.00 7.092e-01 2.755e-01 2.746e-03 7.408e-04 6.719e-03 -1.000 1.527e-02 -8.690 -5.393 -5.554 -5.087
0.0152 0.01508 6.50000 36.6190757751 2.6324450970   34.882  5.430  4.5738  3.798    0  0.000  0.545     0.00     0.00     0.00     0.00     0.00 -1 -7.62e-07      0.00 7.092e-01 2.755e-01 2.746e-03 7.408e-04 6.719e-03 -1.000 1.527e-02 -8.804 -5.527 -5.687 -5.226
0.0152 0.01508 6.50000 38.8675956726 2.6325562000   36.694  5.490  4.5704  3.746    0  0.000  0.545     0.00     0.00     0.00     0.00     0.00 -1 -9.58e-07      0.00 7.092e-01 2.755e-01 2.746e-03 7.408e-04 6.719e-03 -1.000 1.527e-02 -8.955 -5.715 -5.873 -5.418
0.0152 0.01508 6.50000 40.0000000000 2.6326069832   37.592  5.519  4.5683  3.719    0  0.000  0.545     0.00     0.00     0.00     0.00     0.00 -1 -1.07e-06      0.00 7.092e-01 2.755e-01 2.746e-03 7.408e-04 6.719e-03 -1.000 1.527e-02 -9.028 -5.697 -5.861 -5.388
0.0152 0.01508 6.50000 40.3857231140 2.6326234341   37.894  5.528  4.5675  3.710    0  0.000  0.545     0.00     0.00     0.00     0.00     0.00 -1 -1.11e-06      0.00 7.092e-01 2.755e-01 2.746e-03 7.408e-04 6.719e-03 -1.000 1.527e-02 -9.051 -5.728 -5.891 -5.419
0.0152 0.01508 6.50000 43.7529602051 2.6327533722   40.468  5.605  4.5574  3.621    0  0.000  0.545     0.00     0.00     0.00     0.00     0.00 -1 -1.43e-06      0.00 7.092e-01 2.755e-01 2.746e-03 7.408e-04 6.719e-03 -1.000 1.527e-02 -9.244 -5.995 -6.156 -5.691
0.0152 0.01508 6.50000 45.0000000000 2.6327958107   41.396  5.633  4.5522  3.583    0  0.000  0.545     0.00     0.00     0.00     0.00     0.00 -1 -1.55e-06      0.00 7.092e-01 2.755e-01 2.746e-03 7.408e-04 6.719e-03 -1.000 1.527e-02 -9.312 -6.098 -6.258 -5.795
0.0152 0.01508 6.50000 46.9798011780 2.6328580379   42.831  5.673  4.5428  3.520    0  0.000  0.545     0.00     0.00     0.00     0.00     0.00 -1 -1.74e-06      0.00 7.092e-01 2.755e-01 2.746e-03 7.408e-04 6.719e-03 -1.000 1.527e-02 -9.412 -6.269 -6.425 -5.977
0.0152 0.01508 6.50000 49.0040969849 2.6329157352   44.270  5.712  4.5308  3.447    0  0.000  0.545     0.00     0.00     0.00     0.00     0.00 -1 -1.91e-06      0.00 7.092e-01 2.755e-01 2.746e-03 7.408e-04 6.719e-03 -1.000 1.527e-02 -9.510 -6.471 -6.622 -6.199
0.0152 0.01508 6.50000 50.0000000000 2.6329421997   44.966  5.731  4.5240  3.408    0  0.000  0.545     0.00     0.00     0.00     0.00     0.00 -1 -1.98e-06      0.00 7.092e-01 2.755e-01 2.746e-03 7.408e-04 6.719e-03 -1.000 1.527e-02 -9.557 -6.585 -6.730 -6.327
0.0152 0.01508 6.50000 51.1614646912 2.6329712868   45.770  5.752  4.5154  3.361    0  0.000  0.545     0.00     0.00     0.00     0.00     0.00 -1 -2.04e-06      0.00 7.092e-01 2.755e-01 2.746e-03 7.408e-04 6.719e-03 -1.000 1.527e-02 -9.609 -6.707 -6.850 -6.450
0.0152 0.01508 6.50000 52.9472846985 2.6330134869   46.997  5.782  4.5005  3.282    0  0.000  0.545     0.00     0.00     0.00     0.00     0.00 -1 -2.07e-06      0.00 7.092e-01 2.755e-01 2.746e-03 7.408e-04 6.719e-03 -1.000 1.527e-02 -9.686 -6.889 -7.034 -6.629
0.0152 0.01508 6.50000 54.7167434692 2.6330521107   48.205  5.812  4.4841  3.197    0  0.000  0.545     0.00     0.00     0.00     0.00     0.00 -1 -2.05e-06      0.00 7.092e-01 2.755e-01 2.746e-03 7.408e-04 6.719e-03 -1.000 1.527e-02 -9.761 -7.057 -7.197 -6.809
0.0152 0.01508 6.50000 55.0000000000 2.6330580711   48.397  5.817  4.4813  3.183    0  0.000  0.545     0.00     0.00     0.00     0.00     0.00 -1 -2.04e-06      0.00 7.092e-01 2.755e-01 2.746e-03 7.408e-04 6.719e-03 -1.000 1.527e-02 -9.772 -7.085 -7.224 -6.838
0.0152 0.01508 6.50000 56.1958427429 2.6330823898   49.211  5.836  4.4688  3.121    0  0.000  0.545     0.00     0.00     0.00     0.00     0.00 -1 -1.98e-06      0.00 7.092e-01 2.755e-01 2.746e-03 7.408e-04 6.719e-03 -1.000 1.527e-02 -9.820 -7.203 -7.340 -6.961
0.0152 0.01508 6.50000 57.7950363159 2.6331131458   50.303  5.861  4.4500  3.030    0  0.000  0.545     0.00     0.00     0.00     0.00     0.00 -1 -1.84e-06      0.00 7.092e-01 2.755e-01 2.745e-03 7.408e-04 6.719e-03 -1.000 1.527e-02 -9.883 -7.371 -7.509 -7.125
0.0152 0.01508 6.50000 59.1189727783 2.6331369877   51.200  5.882  4.4325  2.947    0  0.000  0.545     0.00     0.00     0.00     0.00     0.00 -1 -1.82e-06      0.00 7.092e-01 2.755e-01 2.745e-03 7.408e-04 6.719e-03 -1.000 1.527e-02 -9.934 -7.521 -7.659 -7.274
0.0152 0.01508 6.50000 60.0000000000 2.6331522465   51.742  5.895  4.4194  2.886    0  0.000  0.545     0.00     0.00     0.00     0.00     0.00 -1 -2.35e-06      0.00 7.092e-01 2.755e-01 2.745e-03 7.409e-04 6.719e-03 -1.000 1.527e-02 -9.967 -7.636 -7.771 -7.395
0.0152 0.01508 6.50000 61.0129165649 2.6331691742   52.112  5.908  4.4025  2.809    0  0.000  0.524     0.00     0.00     0.00     0.00     0.00 -1 -5.42e-06      0.00 7.078e-01 2.770e-01 2.624e-03 1.057e-03 6.519e-03 -1.000 1.527e-02 -10.001 -7.779 -7.909 -7.553
0.0152 0.01508 6.50000 62.2961006165 2.6331896782   52.351  5.924  4.3787  2.700    0  0.000  0.499     0.00     0.00     0.00     0.00     0.00 -1 -9.13e-06      0.00 7.041e-01 2.806e-01 2.448e-03 1.554e-03 6.187e-03 -1.000 1.525e-02 -10.040 -7.965 -8.086 -7.758
0.0152 0.01508 6.50000 63.2883987427 2.6332049370   52.366  5.936  4.3586  2.607    0  0.000  0.485     0.00     0.00     0.00     0.00     0.00 -1 -2.08e-05      0.00 6.999e-01 2.849e-01 2.322e-03 1.942e-03 5.912e-03 -1.000 1.524e-02 -10.070 -8.120 -8.235 -7.930
0.0152 0.01508 6.50000 64.1385040283 2.6332175732   52.302  5.946  4.3402  2.524    0  0.000  0.475     0.00     0.00     0.00     0.00     0.00 -1 -2.09e-05      0.00 6.953e-01 2.895e-01 2.215e-03 2.291e-03 5.654e-03 -1.000 1.522e-02 -10.094 -8.266 -8.378 -8.080
0.0152 0.01508 6.50000 64.8455734253 2.6332278252   52.246  5.954  4.3247  2.453    0  0.000  0.469     0.00     0.00     0.00     0.00     0.00 -1  -2.1e-05      0.00 6.909e-01 2.939e-01 2.127e-03 2.592e-03 5.426e-03 -1.000 1.521e-02 -10.114 -8.369 -8.477 -8.194
0.0152 0.01508 6.50000 65.0000000000 2.6332299709   52.235  5.955  4.3212  2.437    0  0.000  0.468     0.00     0.00     0.00     0.00     0.00 -1  -2.1e-05      0.00 6.898e-01 2.950e-01 2.108e-03 2.659e-03 5.374e-03 -1.000 1.521e-02 -10.119 -8.387 -8.494 -8.212
0.0152 0.01508 6.50000 65.4734954834 2.6332366467   52.189  5.961  4.3112  2.391    0  0.000  0.436     0.00     0.00     0.00     0.00     0.00 -1 -2.11e-05      0.00 6.854e-01 2.994e-01 1.908e-03 3.183e-03 5.045e-03 -1.000 1.520e-02 -10.133 -8.439 -8.545 -8.266
0.0152 0.01508 6.50000 66.0378799438 2.6332442760   52.130  5.968  4.3004  2.341    0  0.000  0.400     0.00     0.00     0.00     0.00     0.00 -1 -2.12e-05      0.00 6.792e-01 3.056e-01 1.672e-03 3.867e-03 4.582e-03 -1.000 1.518e-02 -10.149 -8.497 -8.602 -8.326
0.0152 0.01508 6.50000 66.6000442505 2.6332519054   52.066  5.974  4.2911  2.297    0  0.000  0.367     0.00     0.00     0.00     0.00     0.00 -1 -2.15e-05      0.00 6.718e-01 3.130e-01 1.439e-03 4.612e-03 4.044e-03 -1.000 1.514e-02 -10.165 -8.407 -8.516 -8.213
0.0152 0.01508 6.50000 67.1624069214 2.6332592964   51.765  5.980  4.2895  2.282    0  0.000  0.353     0.00     0.00     0.00     0.00     0.00 -1 -2.22e-05      0.00 6.579e-01 3.270e-01 1.210e-03 5.522e-03 3.313e-03 -1.000 1.512e-02 -10.180 -8.432 -8.540 -8.240
0.0152 0.01508 6.50000 67.4604797363 2.6332633495   51.585  5.983  4.2869  2.267    0  0.000  0.338     0.00     0.00     0.00     0.00     0.00 -1 -2.95e-05      0.00 6.516e-01 3.333e-01 1.038e-03 5.998e-03 3.000e-03 -1.000 1.511e-02 -10.187 -8.456 -8.563 -8.267
0.0152 0.01508 6.50000 67.5601196289 2.6332645416   51.491  5.984  4.2877  2.269    0  0.000  0.292     0.00     0.00     0.00     0.00     0.00 -1 -3.06e-05      0.00 6.480e-01 3.368e-01 7.497e-04 6.683e-03 2.612e-03 -1.000 1.512e-02 -10.189 -8.453 -8.561 -8.263
0.0152 0.01508 6.50000 67.6460571289 2.6332657337   51.377  5.984  4.2873  2.266    0  0.000  0.292     0.00     0.00     0.00     0.00     0.00 -1 -2.89e-05      0.00 6.454e-01 3.395e-01 7.252e-04 6.853e-03 2.449e-03 -1.000 1.509e-02 -10.191 -8.457 -8.565 -8.268
0.0152 0.01508 6.50000 67.8178634644 2.6332678795   51.191  5.986  4.2869  2.261    0  0.000  0.294     0.00     0.00     0.00     0.00     0.00 -1 -4.17e-05      0.00 6.407e-01 3.442e-01 6.757e-04 7.106e-03 2.225e-03 -1.000 1.507e-02 -10.195 -8.463 -8.571 -8.275
0.0152 0.01508 6.50000 68.5599365234 2.6332774162   50.361  5.993  4.3080  2.331    0  0.000  0.269     0.00     0.00     0.00     0.00     0.00 -1 -3.61e-05      0.00 6.050e-01 3.801e-01 8.757e-05 9.226e-03 6.089e-04 -1.000 1.497e-02 -10.212 -7.952 -8.085 -7.727
0.0152 0.01508 6.50000 69.7714920044 2.6332921982   50.219  6.007  4.3128  2.335    0  0.000  0.408     0.00     0.00     0.00     0.00     0.00 -1 -2.81e-05      0.00 5.735e-01 4.115e-01 9.012e-05 9.447e-03 3.537e-04 -1.000 1.494e-02 -10.247 -7.985 -8.119 -7.758
0.0152 0.01508 6.50000 70.0000000000 2.6332950592   50.211  6.009  4.3134  2.335    0  0.000  0.434     0.00     0.00     0.00     0.00     0.00 -1 -2.86e-05      0.00 5.680e-01 4.170e-01 9.045e-05 9.471e-03 3.261e-04 -1.000 1.494e-02 -10.254 -7.992 -8.126 -7.764
0.0152 0.01508 6.50000 71.5057220459 2.6333124638   49.866  6.024  4.3307  2.387    0  0.000  0.604     0.00     0.00     0.00     0.00     0.00 -1 -2.75e-05      0.00 5.261e-01 4.590e-01 9.223e-05 9.569e-03 2.141e-04 -1.000 1.495e-02 -10.290 -8.028 -8.162 -7.801
0.0152 0.01508 6.50000 71.6667480469 2.6333143711   49.384  6.024  4.3481  2.452    0  0.000  0.687     0.00     0.00     0.00     0.00     0.00 -1 -2.86e-05      0.00 5.095e-01 4.756e-01 9.265e-05 9.597e-03 1.834e-04 -1.000 1.495e-02 -10.290 -8.029 -8.163 -7.803
0.0152 0.01508 6.50000 76.1869964600 2.6333620548   48.844  6.069  4.4092  2.647    0  0.000  0.921     0.00     0.00     0.00     0.00     0.00 -1 -1.25e-05      0.00 3.984e-01 5.866e-01 9.609e-05 9.638e-03 1.394e-04 -1.000 1.494e-02 -10.401 -8.052 -8.189 -7.814
0.0152 0.01508 6.50000 78.7877273560 2.6333866119   49.265  6.095  4.4331  2.720    0  0.000  0.966     0.00     0.00     0.00     0.00     0.00 -1 -8.48e-06      0.00 3.566e-01 6.285e-01 9.777e-05 9.641e-03 1.352e-04 -1.000 1.493e-02 -10.469 -8.025 -8.167 -7.776
0.0152 0.01508 6.50000 79.8328552246 2.6333959103   49.552  6.106  4.4397  2.737    0  0.000  0.979     0.00     0.00     0.00     0.00     0.00 -1 -6.02e-06      0.00 3.440e-01 6.410e-01 9.839e-05 9.641e-03 1.342e-04 -1.000 1.493e-02 -10.496 -8.030 -8.173 -7.778
0.0152 0.01508 6.50000 80.0000000000 2.6333973408   49.601  6.108  4.4406  2.740    0  0.000  0.981     0.00     0.00     0.00     0.00     0.00 -1 -5.96e-06      0.00 3.424e-01 6.427e-01 9.849e-05 9.641e-03 1.341e-04 -1.000 1.493e-02 -10.501 -8.031 -8.175 -7.778
0.0152 0.01508 6.50000 80.8502197266 2.6334047318   49.932  6.118  4.4418  2.738    0  0.000  0.989     0.00     0.00     0.00     0.00     0.00 -1 -6.26e-06      0.00 3.361e-01 6.489e-01 9.887e-05 9.643e-03 1.335e-04 -1.000 1.496e-02 -10.524 -8.050 -8.194 -7.797
0.0152 0.01508 6.50000 81.6681823730 2.6334116459   50.250  6.126  4.4439  2.740    0  0.000  0.996     0.00     0.00     0.00     0.00     0.00 -1 -6.61e-06      0.00 3.304e-01 6.547e-01 9.923e-05 9.644e-03 1.331e-04 -1.000 1.495e-02 -10.546 -8.066 -8.210 -7.811
0.0152 0.01508 6.50000 82.6392898560 2.6334197521   50.653  6.137  4.4461  2.742    0  0.000  1.004     0.00     0.00     0.00     0.00     0.00 -1 -7.03e-06      0.00 3.241e-01 6.609e-01 9.964e-05 9.644e-03 1.325e-04  4.811 1.493e-02 -10.573 -8.086 -8.230 -7.830
0.0152 0.01508 6.50000 83.8700408936 2.6334295273   51.223  6.151  4.4510  2.752    0  0.000  1.013     0.00     0.00     0.00     0.00     0.00 -1 -7.78e-06      0.00 3.182e-01 6.669e-01 1.001e-04 9.646e-03 1.320e-04  5.471 1.493e-02 -10.608 -8.103 -8.249 -7.846
0.0152 0.01508 6.50000 85.1804809570 2.6334397793   51.904  6.167  4.4675  2.808    0  0.000  1.020     0.00     0.00     0.00     0.00     0.00 -1 -9.65e-06      0.00 3.150e-01 6.701e-01 1.005e-04 9.646e-03 1.316e-04  5.685 1.494e-02 -10.649 -8.047 -8.195 -7.784
0.0152 0.01508 6.50000 85.3802642822 2.6334412098   52.012  6.171  4.4805  2.857    0  0.000  1.021     0.00     0.00     0.00     0.00     0.00 -1 -1.09e-05      0.00 3.148e-01 6.703e-01 1.006e-04 9.646e-03 1.315e-04  5.705 1.495e-02 -10.657 -7.980 -8.130 -7.712
0.0152 0.01508 6.50000 85.4916687012 2.6334421635   52.069  6.173  4.4939  2.909    0  0.000  1.021     0.00     0.00     0.00     0.00     0.00 -1 -1.23e-05      0.00 3.147e-01 6.704e-01 1.006e-04 9.646e-03 1.315e-04  5.715 1.496e-02 -10.664 -7.908 -8.060 -7.636
0.0152 0.01508 6.50000 85.5587539673 2.6334426403   52.102  6.176  4.5069  2.959    0  0.000  1.022     0.00     0.00     0.00     0.00     0.00 -1 -1.36e-05      0.00 3.146e-01 6.705e-01 1.006e-04 9.646e-03 1.315e-04  5.722 1.495e-02 -10.669 -7.833 -7.986 -7.557
0.0152 0.01508 6.50000 85.6013793945 2.6334428787   52.123  6.178  4.5197  3.008    0  0.000  1.022     0.00     0.00     0.00     0.00     0.00 -1  -1.5e-05      0.00 3.145e-01 6.705e-01 1.006e-04 9.646e-03 1.315e-04  5.726 1.493e-02 -10.674 -7.754 -7.908 -7.475
0.0152 0.01508 6.50000 85.6319351196 2.6334431171   52.136  6.180  4.5336  3.062    0  0.000  1.022     0.00     0.00     0.00     0.00     0.00 -1 -1.64e-05      0.00 3.145e-01 6.705e-01 1.006e-04 9.646e-03 1.315e-04  5.729 1.493e-02 -10.679 -7.669 -7.823 -7.388
0.0152 0.01508 6.50000 85.6477050781 2.6334433556   52.143  6.181  4.5443  3.103    0  0.000  1.022     0.00     0.00     0.00     0.00     0.00 -1 -1.74e-05      0.00 3.145e-01 6.706e-01 1.006e-04 9.646e-03 1.315e-04  5.731 1.493e-02 -10.683 -7.603 -7.759 -7.321
0.0152 0.01508 6.50000 85.6623611450 2.6334433556   52.149  6.184  4.5588  3.159    0  0.000  1.022     0.00     0.00     0.00     0.00     0.00 -1 -1.89e-05      0.00 3.145e-01 6.706e-01 1.006e-04 9.646e-03 1.315e-04  5.732 1.493e-02 -10.689 -7.507 -7.663 -7.224
0.0152 0.01508 6.50000 85.6722793579 2.6334435940   52.152  6.186  4.5720  3.209    0  0.000  1.022     0.00     0.00     0.00     0.00     0.00 -1 -2.02e-05      0.00 3.145e-01 6.706e-01 1.006e-04 9.646e-03 1.315e-04  5.733 1.494e-02 -10.694 -7.416 -7.573 -7.133
0.0152 0.01508 6.50000 85.6797637939 2.6334435940   52.155  6.188  4.5843  3.257    0  0.000  1.022     0.00     0.00     0.00     0.00     0.00 -1 -2.12e-05      0.00 3.145e-01 6.706e-01 1.007e-04 9.646e-03 1.315e-04  5.734 1.494e-02 -10.699 -7.333 -7.489 -7.049
0.0152 0.01508 6.50000 85.6874237061 2.6334435940   52.158  6.190  4.5979  3.309    0  0.000  1.022     0.00     0.00     0.00     0.00     0.00 -1 -2.23e-05      0.00 3.144e-01 6.706e-01 1.007e-04 9.646e-03 1.315e-04  5.734 1.494e-02 -10.705 -7.243 -7.399 -6.959
0.0152 0.01508 6.50000 85.6911468506 2.6334435940   52.160  6.191  4.6045  3.334    0  0.000  1.022     0.00     0.00     0.00     0.00     0.00 -1 -2.29e-05      0.00 3.144e-01 6.706e-01 1.007e-04 9.646e-03 1.315e-04  5.735 1.494e-02 -10.709 -7.201 -7.357 -6.918
0.0152 0.01508 6.50000 85.6946868896 2.6334435940   52.161  6.193  4.6103  3.356    0  0.000  1.022     0.00     0.00     0.00     0.00     0.00 -1 -2.33e-05      0.00 3.144e-01 6.706e-01 1.007e-04 9.646e-03 1.315e-04  5.735 1.494e-02 -10.711 -7.165 -7.321 -6.883
0.0152 0.01508 6.50000 85.7020034790 2.6334435940   52.163  6.195  4.6216  3.399    1  0.000  1.022     0.00     0.00     0.00     0.00     0.00 -1  -2.4e-05      0.00 3.144e-01 6.706e-01 1.007e-04 9.646e-03 1.315e-04  5.736 1.494e-02 -10.718 -7.093 -7.249 -6.812
0.0152 0.01508 6.50000 85.7109222412 2.6334438324   52.165  6.198  4.6340  3.445    1  0.000  1.022     0.00     0.00     0.00     0.00     0.00 -1 -2.47e-05      0.00 3.144e-01 6.706e-01 1.007e-04 9.646e-03 1.315e-04  5.736 1.494e-02 -10.725 -7.015 -7.171 -6.735
0.0152 0.01508 6.50000 85.7216873169 2.6334438324   52.168  6.201  4.6474  3.495    1  0.000  1.022     0.00     0.00     0.00     0.00     0.00 -1 -2.52e-05      0.00 3.144e-01 6.706e-01 1.007e-04 9.646e-03 1.315e-04  5.737 1.494e-02 -10.734 -6.932 -7.088 -6.654
0.0152 0.01508 6.50000 85.7333068848 2.6334438324   52.172  6.205  4.6599  3.542    1  0.000  1.022     0.00     0.00     0.00     0.00     0.00 -1 -2.55e-05      0.00 3.144e-01 6.706e-01 1.007e-04 9.646e-03 1.315e-04  5.738 1.494e-02 -10.742 -6.856 -7.011 -6.579
0.0152 0.01508 6.50000 85.7480316162 2.6334440708   52.176  6.209  4.6726  3.589    1  0.000  1.023     0.00     0.00     0.00     0.00     0.00 -1 -2.55e-05      0.00 3.144e-01 6.707e-01 1.007e-04 9.646e-03 1.315e-04  5.740 1.495e-02 -10.751 -6.779 -6.934 -6.503
0.0152 0.01508 6.50000 85.7859344482 2.6334443092   52.187  6.213  4.6775  3.604    1  0.000  1.023     0.00     0.00     0.00     0.00     0.00 -1 -2.57e-05      0.00 3.143e-01 6.707e-01 1.007e-04 9.646e-03 1.315e-04  5.743 1.495e-02 -10.763 -6.757 -6.912 -6.482
0.0152 0.01508 6.50000 85.7987594604 2.6334445477   52.190  6.214  4.6742  3.590    1  0.000  1.023     0.00     0.00     0.00     0.00     0.00 -1  -2.6e-05      0.00 3.143e-01 6.707e-01 1.007e-04 9.646e-03 1.315e-04  5.744 1.495e-02 -10.766 -6.783 -6.938 -6.508
0.0152 0.01508 6.50000 85.8060150146 2.6334445477   52.193  6.215  4.6719  3.580    1  0.000  1.023     0.00     0.00     0.00     0.00     0.00 -1 -2.61e-05      0.00 3.143e-01 6.707e-01 1.007e-04 9.646e-03 1.314e-04  5.745 1.495e-02 -10.767 -6.801 -6.955 -6.526
0.0152 0.01508 6.50000 85.8126983643 2.6334445477   52.194  6.216  4.6683  3.565    1  0.000  1.023     0.00     0.00     0.00     0.00     0.00 -1 -2.61e-05      0.00 3.143e-01 6.707e-01 1.007e-04 9.646e-03 1.314e-04  5.746 1.496e-02 -10.769 -6.827 -6.981 -6.552
0.0152 0.01508 6.50000 85.8193740845 2.6334445477   52.196  6.216  4.6623  3.540    1  0.000  1.023     0.00     0.00     0.00     0.00     0.00 -1 -2.63e-05      0.00 3.143e-01 6.708e-01 1.007e-04 9.646e-03 1.314e-04  5.746 1.495e-02 -10.771 -6.870 -7.025 -6.595
0.0152 0.01508 6.50000 85.8260650635 2.6334445477   52.198  6.217  4.6538  3.506    1  0.000  1.023     0.00     0.00     0.00     0.00     0.00 -1 -2.63e-05      0.00 3.143e-01 6.708e-01 1.007e-04 9.646e-03 1.314e-04  5.747 1.493e-02 -10.773 -6.930 -7.085 -6.653
0.0152 0.01508 6.50000 85.8293838501 2.6334445477   52.199  6.218  4.6479  3.482    1  0.000  1.023     0.00     0.00     0.00     0.00     0.00 -1 -2.65e-05      0.00 3.143e-01 6.708e-01 1.007e-04 9.646e-03 1.314e-04  5.747 1.493e-02 -10.774 -6.972 -7.127 -6.695
0.0152 0.01508 6.50000 85.8326950073 2.6334447861   52.200  6.218  4.6414  3.455    1  0.000  1.023     0.00     0.00     0.00     0.00     0.00 -1 -2.65e-05      0.00 3.143e-01 6.708e-01 1.007e-04 9.646e-03 1.314e-04  5.747 1.493e-02 -10.775 -7.018 -7.173 -6.741
0.0152 0.01508 6.50000 85.8360061646 2.6334447861   52.201  6.219  4.6343  3.426    1  0.000  1.023     0.00     0.00     0.00     0.00     0.00 -1 -2.65e-05      0.00 3.143e-01 6.708e-01 1.007e-04 9.646e-03 1.314e-04  5.748 1.493e-02 -10.777 -7.068 -7.223 -6.791
0.0152 0.01508 6.50000 85.8392868042 2.6334447861   52.201  6.219  4.6269  3.396    1  0.000  1.023     0.00     0.00     0.00     0.00     0.00 -1 -2.65e-05      0.00 3.143e-01 6.708e-01 1.007e-04 9.646e-03 1.314e-04  5.748 1.493e-02 -10.778 -7.121 -7.276 -6.844
0.0152 0.01508 6.50000 85.8425979614 2.6334447861   52.202  6.220  4.6186  3.362    1  0.000  1.023     0.00     0.00     0.00     0.00     0.00 -1 -2.64e-05      0.00 3.142e-01 6.708e-01 1.007e-04 9.646e-03 1.314e-04  5.748 1.494e-02 -10.780 -7.181 -7.336 -6.903
0.0152 0.01508 6.50000 85.8459014893 2.6334447861   52.202  6.221  4.6096  3.325    1  0.000  1.023     0.00     0.00     0.00     0.00     0.00 -1 -2.61e-05      0.00 3.142e-01 6.708e-01 1.007e-04 9.646e-03 1.314e-04  5.749 1.494e-02 -10.782 -7.245 -7.400 -6.967
0.0152 0.01508 6.50000 85.8491973877 2.6334447861   52.204  6.222  4.5999  3.286    1  0.000  1.023     0.00     0.00     0.00     0.00     0.00 -1 -2.57e-05      0.00 3.142e-01 6.708e-01 1.007e-04 9.646e-03 1.314e-04  5.749 1.494e-02 -10.784 -7.314 -7.469 -7.035
0.0152 0.01508 6.50000 85.8524627686 2.6334447861   52.205  6.222  4.5893  3.243    1  0.000  1.023     0.00     0.00     0.00     0.00     0.00 -1 -2.51e-05      0.00 3.142e-01 6.708e-01 1.007e-04 9.646e-03 1.314e-04  5.749 1.494e-02 -10.786 -7.389 -7.544 -7.110
0.0152 0.01508 6.50000 85.8557739258 2.6334447861   52.206  6.223  4.5779  3.196    1  0.000  1.023     0.00     0.00     0.00     0.00     0.00 -1 -2.44e-05      0.00 3.142e-01 6.708e-01 1.007e-04 9.646e-03 1.314e-04  5.749 1.494e-02 -10.788 -7.471 -7.626 -7.192
0.0152 0.01508 6.50000 85.8590545654 2.6334447861   52.206  6.224  4.5657  3.146    1  0.000  1.023     0.00     0.00     0.00     0.00     0.00 -1 -3.06e-05      0.00 3.142e-01 6.708e-01 1.007e-04 9.646e-03 1.314e-04  5.750 1.493e-02 -10.790 -7.574 -7.725 -7.306
0.0152 0.01508 6.50000 85.8625411987 2.6334450245   52.207  6.225  4.5511  3.087    1  0.000  1.023     0.00     0.00     0.00     0.00     0.00 -1 -2.98e-05      0.00 3.142e-01 6.708e-01 1.007e-04 9.646e-03 1.314e-04  5.750 1.493e-02 -10.793 -7.679 -7.830 -7.412
0.0152 0.01508 6.50000 85.8660125732 2.6334450245   52.207  6.226  4.5349  3.021    1  0.000  1.023     0.00     0.00     0.00     0.00     0.00 -1 -2.85e-05      0.00 3.142e-01 6.708e-01 1.007e-04 9.646e-03 1.314e-04  5.750 1.494e-02 -10.796 -7.787 -7.938 -7.518
0.0152 0.01508 6.50000 85.8695220947 2.6334450245   52.199  6.228  4.5254  2.982    1  0.000  1.024     0.00     0.00     0.00     0.00     0.00 -1  -3.6e-05      0.00 3.127e-01 6.724e-01 1.008e-04 9.646e-03 1.313e-04  5.779 1.494e-02 -10.799 -7.865 -8.013 -7.607
0.0152 0.01508 6.50000 85.8731460571 2.6334450245   52.200  6.229  4.5072  2.908    1  0.000  1.024     0.00     0.00     0.00     0.00     0.00 -1 -2.54e-05      0.00 3.127e-01 6.724e-01 1.008e-04 9.646e-03 1.313e-04  5.779 1.494e-02 -10.802 -7.971 -8.122 -7.700
0.0152 0.01508 6.50000 85.8766250610 2.6334450245   52.193  6.230  4.4898  2.837    1  0.000  1.024     0.00     0.00     0.00     0.00     0.00 -1 -3.12e-05      0.00 3.124e-01 6.726e-01 1.008e-04 9.646e-03 1.313e-04  5.785 1.493e-02 -10.805 -8.087 -8.235 -7.827
0.0152 0.01508 6.50000 85.8804626465 2.6334450245   52.184  6.231  4.4686  2.751    1  0.000  1.025     0.00     0.00     0.00     0.00     0.00 -1 -2.97e-05      0.00 3.122e-01 6.729e-01 1.008e-04 9.646e-03 1.313e-04  5.790 1.494e-02 -10.808 -8.210 -8.356 -7.954
0.0152 0.01508 6.50000 85.8842620850 2.6334450245   52.175  6.232  4.4457  2.658    1  0.000  1.025     0.00     0.00     0.00     0.00     0.00 -1 -4.05e-05      0.00 3.119e-01 6.731e-01 1.008e-04 9.646e-03 1.313e-04  5.796 1.493e-02 -10.811 -8.344 -8.484 -8.102
0.0152 0.01508 6.50000 85.8880844116 2.6334450245   52.163  6.233  4.4206  2.556    1  0.000  1.025     0.00     0.00     0.00     0.00     0.00 -1 -6.73e-05      0.00 3.117e-01 6.734e-01 1.008e-04 9.646e-03 1.313e-04  5.798 1.495e-02 -10.814 -8.438 -8.572 -8.219
0.0152 0.01508 6.50000 85.8919296265 2.6334450245   52.137  6.235  4.3960  2.457    1  0.000  1.026     0.00     0.00     0.00     0.00     0.00 -1 -0.000128      0.00 3.110e-01 6.741e-01 1.008e-04 9.646e-03 1.312e-04  5.809 1.494e-02 -10.816 -8.554 -8.676 -8.369
0.0152 0.01508 6.50000 85.8958282471 2.6334452629   52.095  6.236  4.3762  2.375    1  0.000  1.027     0.00     0.00     0.00     0.00     0.00 -1 -0.000274      0.00 3.086e-01 6.765e-01 1.009e-04 9.646e-03 1.311e-04  5.847 1.493e-02 -10.820 -8.622 -8.734 -8.464
0.0152 0.01508 6.50000 85.8996505737 2.6334452629   52.054  6.237  4.3492  2.266    1  0.000  1.029     0.00     0.00     0.00     0.00     0.00 -1 -0.000377      0.00 3.067e-01 6.783e-01 1.010e-04 9.646e-03 1.310e-04  5.874 1.495e-02 -10.823 -8.634 -8.745 -8.479
0.0152 0.01508 6.50000 85.9029083252 2.6334452629   52.016  6.238  4.3142  2.125    1  0.000  1.029     0.00     0.00     0.00     0.00     0.00 -1 -0.000361      0.00 3.063e-01 6.788e-01 1.010e-04 9.646e-03 1.309e-04  5.882 1.496e-02 -10.825 -8.625 -8.737 -8.466
0.0152 0.01508 6.50000 85.9053344727 2.6334452629   51.969  6.239  4.2802  1.988    1  0.000  1.029     0.00     0.00     0.00     0.00     0.00 -1 -0.000628      0.00 3.058e-01 6.792e-01 1.010e-04 9.646e-03 1.309e-04  5.887 1.496e-02 -10.827 -9.138 -9.243 -8.957
0.0152 0.01508 6.50000 85.9068450928 2.6334452629   51.940  6.239  4.2610  1.910    1  0.000  1.030     0.00     0.00     0.00     0.00     0.00 -1 -0.000859      0.00 3.055e-01 6.795e-01 1.010e-04 9.646e-03 1.309e-04  5.891 1.496e-02 -10.827 -9.241 -9.341 -9.069
0.0152 0.01508 6.50000 85.9118576050 2.6334452629   51.852  6.240  4.1975  1.654    1  0.000  1.031     0.00     0.00     0.00     0.00     0.00 -1 -0.000976      0.00 3.044e-01 6.806e-01 1.011e-04 9.646e-03 1.308e-04  5.907 1.497e-02 -10.831 -9.587 -9.669 -9.448
0.0152 0.01508 6.50000 85.9216232300 2.6334452629   51.705  6.243  4.1063  1.285    1  0.000  1.033     0.00     0.00     0.00     0.00     0.00 -1 -0.000792      0.00 3.019e-01 6.832e-01 1.012e-04 9.646e-03 1.307e-04  5.943 1.494e-02 -10.838 -10.101 -10.153 -10.016
0.0152 0.01508 6.50000 85.9358444214 2.6334455013   51.545  6.247  3.9662  0.720    1  0.000  1.036     0.00     0.00     0.00     0.00     0.00 -1 -0.000541      0.00 2.988e-01 6.863e-01 1.013e-04 9.646e-03 1.305e-04  5.989 1.493e-02 -10.849 -10.778 -10.775 -10.797
0.0152 0.01508 6.50000 85.9604797363 2.6334457397   51.361  6.253  3.8417  0.214    1  0.000  1.039     0.00     0.00     0.00     0.00     0.00 -1 -0.000406      0.00 2.953e-01 6.898e-01 1.015e-04 9.646e-03 1.303e-04  6.034 1.495e-02 -10.864 -11.068 -10.949 -11.291
0.0152 0.01508 6.50000 86.0167770386 2.6334459782   51.017  6.264  3.8256  0.136    1  0.000  1.049     0.00     0.00     0.00     0.00     0.00 -1 -0.000407      0.00 2.837e-01 7.013e-01 1.020e-04 9.646e-03 1.296e-04  6.149 1.496e-02 -10.890 -11.095 -10.945 -11.367
0.0152 0.01508 6.50000 86.1744613647 2.6334471703   49.966  6.281  3.8284  0.121    1  0.000  1.069     0.00     0.00     0.00     0.00     0.00 -1 -0.000455      0.00 2.473e-01 7.377e-01 1.023e-04 9.650e-03 1.277e-04  6.345 1.495e-02 -10.932 -11.138 -10.994 -11.401
0.0152 0.01508 6.50000 86.2342071533 2.6334476471   49.543  6.284  3.8366  0.147    1  0.000  1.076     0.00     0.00     0.00     0.00     0.00 -1  -0.00047      0.00 2.343e-01 7.508e-01 1.023e-04 9.651e-03 1.269e-04  6.404 1.496e-02 -10.940 -11.145 -11.017 -11.383
0.0152 0.01508 6.50000 86.3641510010 2.6334486008   48.737  6.291  4.0070  0.815    1  0.000  1.119     0.00     0.00     0.00     0.00     0.00 -1 -0.000382      0.00 2.056e-01 7.795e-01 1.050e-04 9.652e-03 1.250e-04  6.657 1.497e-02 -10.957 -10.712 -10.725 -10.702
0.0152 0.01508 6.50000 86.3744354248 2.6334486008   48.676  6.293  4.0813  1.110    1  0.000  1.138     0.00     0.00     0.00     0.00     0.00 -1 -0.000378      0.00 1.973e-01 7.877e-01 1.065e-04 9.651e-03 1.244e-04  6.746 1.497e-02 -10.962 -10.360 -10.404 -10.289
0.0152 0.01508 6.50000 86.3772964478 2.6334488392   48.661  6.293  4.0866  1.131    1  0.000  1.139     0.00     0.00     0.00     0.00     0.00 -1 -0.000344      0.00 1.968e-01 7.882e-01 1.066e-04 9.650e-03 1.244e-04  6.750 1.497e-02 -10.962 -10.331 -10.377 -10.258
0.0152 0.01508 6.50000 86.3813400269 2.6334488392   48.639  6.293  4.0935  1.158    1  0.000  1.141     0.00     0.00     0.00     0.00     0.00 -1 -0.000327      0.00 1.960e-01 7.890e-01 1.067e-04 9.650e-03 1.243e-04  6.757 1.497e-02 -10.962 -10.294 -10.342 -10.217
0.0152 0.01508 6.50000 86.3869934082 2.6334488392   48.608  6.293  4.1021  1.192    1  0.000  1.143     0.00     0.00     0.00     0.00     0.00 -1 -0.000325      0.00 1.950e-01 7.901e-01 1.068e-04 9.650e-03 1.242e-04  6.766 1.497e-02 -10.962 -10.248 -10.299 -10.165
0.0152 0.01508 6.50000 86.3950576782 2.6334488392   48.565  6.293  4.1134  1.237    1  0.000  1.146     0.00     0.00     0.00     0.00     0.00 -1 -0.000322      0.00 1.935e-01 7.916e-01 1.070e-04 9.650e-03 1.241e-04  6.778 1.497e-02 -10.963 -10.186 -10.240 -10.098
0.0152 0.01508 6.50000 86.4064254761 2.6334488392   48.504  6.294  4.1285  1.296    1  0.000  1.150     0.00     0.00     0.00     0.00     0.00 -1 -0.000318      0.00 1.913e-01 7.937e-01 1.073e-04 9.650e-03 1.240e-04  6.795 1.497e-02 -10.964 -10.097 -10.154 -10.007
0.0152 0.01508 6.50000 86.4452972412 2.6334493160   48.295  6.295  4.1780  1.491    1  0.000  1.165     0.00     0.00     0.00     0.00     0.00 -1 -0.000305      0.00 1.840e-01 8.010e-01 1.083e-04 9.650e-03 1.235e-04  6.851 1.497e-02 -10.968 -9.832 -9.907 -9.705
0.0152 0.01508 6.50000 86.5586090088 2.6334500313   47.896  6.299  4.6592  3.409    1  0.000  1.282     0.00     0.00     0.00     0.00     0.00 -1 -0.000142      0.00 1.312e-01 8.538e-01 1.154e-04 9.646e-03 1.203e-04  7.205 1.497e-02 -10.976 -7.491 -7.606 -7.321
0.0152 0.01508 6.50000 86.6396789551 2.6334507465   47.762  6.297  4.6809  3.495    1  0.000  1.277     0.00     0.00     0.00     0.00     0.00 -1 -0.000141      0.00 1.312e-01 8.538e-01 1.150e-04 9.647e-03 1.202e-04  7.197 1.496e-02 -10.973 -7.389 -7.501 -7.224
0.0152 0.01508 6.50000 86.6801757812 2.6334509850   47.695  6.297  4.6905  3.534    1  0.000  1.275     0.00     0.00     0.00     0.00     0.00 -1  -0.00014      0.00 1.312e-01 8.539e-01 1.148e-04 9.647e-03 1.202e-04  7.195 1.495e-02 -10.971 -7.343 -7.454 -7.181
0.0152 0.01508 6.50000 86.7206726074 2.6334512234   47.628  6.296  4.7002  3.573    1  0.000  1.273     0.00     0.00     0.00     0.00     0.00 -1  -0.00014      0.00 1.312e-01 8.539e-01 1.146e-04 9.647e-03 1.202e-04  7.192 1.495e-02 -10.970 -7.298 -7.408 -7.137
0.0152 0.01508 6.50000 86.7611770630 2.6334514618   47.562  6.295  4.7098  3.611    1  0.000  1.271     0.00     0.00     0.00     0.00     0.00 -1 -0.000139      0.00 1.311e-01 8.539e-01 1.144e-04 9.647e-03 1.202e-04  7.188 1.496e-02 -10.968 -7.252 -7.361 -7.094
0.0152 0.01508 6.50000 86.8016586304 2.6334519386   47.495  6.295  4.7197  3.651    1  0.000  1.269     0.00     0.00     0.00     0.00     0.00 -1 -0.000139      0.00 1.311e-01 8.539e-01 1.142e-04 9.647e-03 1.202e-04  7.184 1.495e-02 -10.966 -7.206 -7.314 -7.053
0.0152 0.01508 6.50000 86.8421783447 2.6334521770   47.428  6.294  4.7295  3.690    1  0.000  1.266     0.00     0.00     0.00     0.00     0.00 -1 -0.000139      0.00 1.311e-01 8.540e-01 1.139e-04 9.647e-03 1.201e-04  7.179 1.496e-02 -10.965 -7.161 -7.268 -7.012
0.0152 0.01508 6.50000 86.8827819824 2.6334524155   47.362  6.293  4.7398  3.731    1  0.000  1.265     0.00     0.00     0.00     0.00     0.00 -1 -0.000139      0.00 1.310e-01 8.540e-01 1.136e-04 9.648e-03 1.201e-04  7.175 1.497e-02 -10.963 -7.118 -7.223 -6.973
0.0152 0.01508 6.50000 86.9233627319 2.6334526539   47.296  6.292  4.7500  3.773    1  0.000  1.264     0.00     0.00     0.00     0.00     0.00 -1 -0.000139      0.00 1.309e-01 8.541e-01 1.134e-04 9.648e-03 1.200e-04  7.172 1.499e-02 -10.960 -7.076 -7.180 -6.935
0.0152 0.01508 6.50000 86.9640121460 2.6334528923   47.230  6.291  4.7601  3.813    1  0.000  1.260     0.00     0.00     0.00     0.00     0.00 -1 -0.000139      0.00 1.307e-01 8.543e-01 1.129e-04 9.649e-03 1.200e-04  7.163 1.498e-02 -10.958 -7.031 -7.134 -6.894
0.0152 0.01508 6.50000 87.0046997070 2.6334533691   47.164  6.290  4.7701  3.854    1  0.000  1.255     0.00     0.00     0.00     0.00     0.00 -1 -0.000139      0.00 1.306e-01 8.545e-01 1.123e-04 9.651e-03 1.200e-04  7.153 1.496e-02 -10.956 -6.988 -7.088 -6.854
0.0152 0.01508 6.50000 87.0454711914 2.6334536076   47.098  6.289  4.7799  3.893    1  0.000  1.244     0.00     0.00     0.00     0.00     0.00 -1 -0.000138      0.00 1.305e-01 8.546e-01 1.111e-04 9.653e-03 1.200e-04  7.131 1.496e-02 -10.954 -6.945 -7.044 -6.815
0.0152 0.01508 6.50000 87.0863265991 2.6334538460   47.033  6.288  4.7895  3.932    1  0.000  1.230     0.00     0.00     0.00     0.00     0.00 -1 -0.000138      0.00 1.304e-01 8.546e-01 1.098e-04 9.655e-03 1.199e-04  7.102 1.496e-02 -10.951 -6.902 -7.000 -6.777
0.0152 0.01508 6.50000 87.1272125244 2.6334540844   46.968  6.287  4.7991  3.971    1  0.000  1.214     0.00     0.00     0.00     0.00     0.00 -1 -0.000137      0.00 1.303e-01 8.547e-01 1.082e-04 9.657e-03 1.199e-04  7.066 1.497e-02 -10.948 -6.861 -6.957 -6.741
0.0152 0.01508 6.50000 87.1682052612 2.6334545612   46.902  6.286  4.8085  4.009    1  0.000  1.196     0.00     0.00     0.00     0.00     0.00 -1 -0.000136      0.00 1.303e-01 8.547e-01 1.064e-04 9.658e-03 1.199e-04  7.022 1.497e-02 -10.945 -6.813 -6.908 -6.696
0.0152 0.01508 6.50000 87.2093048096 2.6334547997   46.837  6.285  4.8180  4.048    1  0.000  1.178     0.00     0.00     0.00     0.00     0.00 -1 -0.000136      0.00 1.303e-01 8.547e-01 1.046e-04 9.661e-03 1.199e-04  6.972 1.498e-02 -10.942 -6.766 -6.860 -6.651
0.0152 0.01508 6.50000 87.2504730225 2.6334550381   46.772  6.284  4.8275  4.086    1  0.000  1.160     0.00     0.00     0.00     0.00     0.00 -1 -0.000136      0.00 1.302e-01 8.548e-01 1.028e-04 9.665e-03 1.199e-04  6.916 1.500e-02 -10.939 -6.721 -6.813 -6.609
0.0152 0.01508 6.50000 87.2917785645 2.6334552765   46.708  6.282  4.8369  4.125    1  0.000  1.143     0.00     0.00     0.00     0.00     0.00 -1 -0.000135      0.00 1.302e-01 8.548e-01 1.011e-04 9.667e-03 1.199e-04  6.857 1.500e-02 -10.936 -6.676 -6.767 -6.568
0.0152 0.01508 6.50000 87.3331909180 2.6334557533   46.643  6.281  4.8463  4.163    1  0.000  1.128     0.00     0.00     0.00     0.00     0.00 -1 -0.000135      0.00 1.302e-01 8.548e-01 9.972e-05 9.668e-03 1.199e-04  6.799 1.496e-02 -10.932 -6.634 -6.723 -6.530
0.0152 0.01508 6.50000 87.3747024536 2.6334559917   46.578  6.279  4.8557  4.201    1  0.000  1.115     0.00     0.00     0.00     0.00     0.00 -1 -0.000134      0.00 1.302e-01 8.548e-01 9.850e-05 9.670e-03 1.199e-04  6.741 1.495e-02 -10.928 -6.588 -6.676 -6.486
0.0152 0.01508 6.50000 87.4164123535 2.6334562302   46.514  6.278  4.8650  4.240    1  0.000  1.106     0.00     0.00     0.00     0.00     0.00 -1 -0.000133      0.00 1.302e-01 8.549e-01 9.764e-05 9.671e-03 1.199e-04  6.695 1.496e-02 -10.925 -6.535 -6.623 -6.434
0.0152 0.01508 6.50000 87.4582290649 2.6334564686   46.449  6.276  4.8743  4.278    1  0.000  1.097     0.00     0.00     0.00     0.00     0.00 -1 -0.000132      0.00 1.301e-01 8.549e-01 9.683e-05 9.672e-03 1.199e-04  6.647 1.497e-02 -10.920 -6.483 -6.569 -6.383
0.0152 0.01508 6.50000 87.5002288818 2.6334569454   46.385  6.274  4.8835  4.316    1  0.000  1.091     0.00     0.00     0.00     0.00     0.00 -1 -0.000132      0.00 1.300e-01 8.551e-01 9.639e-05 9.673e-03 1.199e-04  6.617 1.496e-02 -10.916 -6.437 -6.523 -6.339
0.0152 0.01508 6.50000 87.5424194336 2.6334571838   46.320  6.273  4.8926  4.353    1  0.000  1.086     0.00     0.00     0.00     0.00     0.00 -1 -0.000131      0.00 1.299e-01 8.552e-01 9.597e-05 9.674e-03 1.199e-04  6.586 1.496e-02 -10.912 -6.394 -6.480 -6.298
0.0152 0.01508 6.50000 87.5847702026 2.6334574223   46.258  6.271  4.9014  4.390    1  0.000  1.077     0.00     0.00     0.00     0.00     0.00 -1 -0.000131      0.00 1.298e-01 8.552e-01 9.523e-05 9.675e-03 1.200e-04  6.528 1.496e-02 -10.907 -6.354 -6.439 -6.260
0.0152 0.01508 6.50000 87.6273193359 2.6334576607   46.194  6.269  4.9103  4.427    1  0.000  1.068     0.00     0.00     0.00     0.00     0.00 -1 -0.000131      0.00 1.298e-01 8.553e-01 9.451e-05 9.676e-03 1.200e-04  6.463 1.495e-02 -10.902 -6.313 -6.397 -6.218
0.0152 0.01508 6.50000 87.6701278687 2.6334581375   46.131  6.267  4.9188  4.463    1  0.000  1.056     0.00     0.00     0.00     0.00     0.00 -1  -0.00013      0.00 1.297e-01 8.554e-01 9.356e-05 9.677e-03 1.200e-04  6.356 1.498e-02 -10.897 -6.267 -6.352 -6.172
0.0152 0.01508 6.50000 87.7131195068 2.6334583759   46.068  6.265  4.9273  4.498    1  0.000  1.044     0.00     0.00     0.00     0.00     0.00 -1 -0.000129      0.00 1.296e-01 8.554e-01 9.266e-05 9.678e-03 1.201e-04  6.224 1.499e-02 -10.892 -6.221 -6.306 -6.126
0.0152 0.01508 6.50000 87.7564163208 2.6334586143   46.005  6.262  4.9357  4.533    1  0.000  1.035     0.00     0.00     0.00     0.00     0.00 -1 -0.000128      0.00 1.294e-01 8.556e-01 9.200e-05 9.679e-03 1.201e-04  6.089 1.499e-02 -10.886 -6.177 -6.261 -6.082
0.0152 0.01508 6.50000 87.7997055054 2.6334590912   45.942  6.260  4.9440  4.568    1  0.000  1.026     0.00     0.00     0.00     0.00     0.00 -1 -0.000127      0.00 1.291e-01 8.559e-01 9.139e-05 9.680e-03 1.202e-04  5.904 1.497e-02 -10.881 -6.133 -6.217 -6.039
0.0152 0.01508 6.50000 87.8870620728 2.6334595680   45.818  6.256  4.9599  4.635    1  0.000  1.003     0.00     0.00     0.00     0.00     0.00 -1 -0.000125      0.00 1.285e-01 8.566e-01 8.979e-05 9.683e-03 1.204e-04 -1.000 1.496e-02 -10.869 -6.049 -6.133 -5.954
0.0152 0.01508 6.50000 87.9761505127 2.6334602833   45.693  6.251  4.9749  4.698    1  0.000  0.964     0.00     0.00     0.00     0.00     0.00 -1 -0.000124      0.00 1.276e-01 8.574e-01 8.681e-05 9.687e-03 1.205e-04 -1.000 1.500e-02 -10.858 -5.981 -6.065 -5.884
0.0152 0.01508 6.50000 88.0667114258 2.6334609985   45.568  6.247  4.9891  4.759    1  0.000  0.922     0.00     0.00     0.00     0.00     0.00 -1 -0.000123      0.00 1.260e-01 8.590e-01 8.353e-05 9.691e-03 1.205e-04 -1.000 1.499e-02 -10.847 -5.910 -5.995 -5.811
0.0152 0.01508 6.50000 88.1587600708 2.6334614754   45.438  6.243  5.0020  4.813    1  0.000  0.900     0.00     0.00     0.00     0.00     0.00 -1 -0.000123      0.00 1.234e-01 8.616e-01 8.158e-05 9.695e-03 1.200e-04 -1.000 1.501e-02 -10.837 -5.814 -5.905 -5.688
0.0152 0.01508 6.50000 88.2525177002 2.6334621906   45.304  6.239  5.0143  4.864    1  0.000  0.921     0.00     0.00     0.00     0.00     0.00 -1 -0.000122      0.00 1.195e-01 8.655e-01 8.303e-05 9.694e-03 1.196e-04 -1.000 1.499e-02 -10.827 -5.767 -5.858 -5.642
0.0152 0.01508 6.50000 88.3479003906 2.6334629059   45.169  6.235  5.0253  4.911    1  0.000  0.943     0.00     0.00     0.00     0.00     0.00 -1 -0.000121      0.00 1.155e-01 8.695e-01 8.442e-05 9.693e-03 1.189e-04 -1.000 1.499e-02 -10.818 -5.721 -5.811 -5.597
0.0152 0.01508 6.50000 88.4447174072 2.6334636211   45.032  6.232  5.0356  4.954    1  0.000  0.965     0.00     0.00     0.00     0.00     0.00 -1 -0.000121      0.00 1.114e-01 8.736e-01 8.569e-05 9.692e-03 1.182e-04 -1.000 1.500e-02 -10.810 -5.677 -5.768 -5.553
0.0152 0.01508 6.50000 88.5919418335 2.6334645748   44.828  6.227  5.0491  5.011    1  0.000  1.011     0.00     0.00     0.00     0.00     0.00 -1  -0.00012      0.00 1.049e-01 8.801e-01 8.866e-05 9.689e-03 1.170e-04  5.869 1.499e-02 -10.797 -5.625 -5.715 -5.501
0.0152 0.01508 6.50000 88.6904449463 2.6334652901   44.691  6.224  5.0576  5.046    1  0.000  1.041     0.00     0.00     0.00     0.00     0.00 -1  -0.00012      0.00 1.005e-01 8.845e-01 9.066e-05 9.687e-03 1.162e-04  6.464 1.498e-02 -10.790 -5.574 -5.665 -5.447
0.0152 0.01508 6.50000 88.7881164551 2.6334660053   44.557  6.222  5.0646  5.076    1  0.000  1.070     0.00     0.00     0.00     0.00     0.00 -1  -0.00012      0.00 9.608e-02 8.890e-01 9.255e-05 9.685e-03 1.155e-04  6.713 1.497e-02 -10.784 -5.544 -5.635 -5.418
0.0152 0.01508 6.50000 88.8838119507 2.6334664822   44.426  6.219  5.0715  5.104    1  0.000  1.099     0.00     0.00     0.00     0.00     0.00 -1  -0.00012      0.00 9.149e-02 8.936e-01 9.443e-05 9.684e-03 1.147e-04  6.884 1.496e-02 -10.779 -5.518 -5.609 -5.394
0.0152 0.01508 6.50000 88.9765319824 2.6334671974   44.299  6.218  5.0777  5.130    1  0.000  1.129     0.00     0.00     0.00     0.00     0.00 -1  -0.00012      0.00 8.654e-02 8.985e-01 9.637e-05 9.682e-03 1.140e-04  7.021 1.496e-02 -10.775 -5.500 -5.589 -5.377
0.0152 0.01508 6.50000 89.0655899048 2.6334679127   44.177  6.216  5.0836  5.153    1  0.000  1.159     0.00     0.00     0.00     0.00     0.00 -1 -0.000121      0.00 8.156e-02 9.035e-01 9.836e-05 9.680e-03 1.133e-04  7.137 1.496e-02 -10.771 -5.486 -5.575 -5.364
0.0152 0.01508 6.50000 89.2758407593 2.6334693432   43.898  6.214  5.0965  5.204    1  0.000  1.360     0.00     0.00     0.00     0.00     0.00 -1 -0.000122      0.00 6.916e-02 9.140e-01 1.838e-03 9.592e-03 2.214e-04  9.304 1.685e-02 -10.765 -5.455 -5.544 -5.332
0.0152 0.01508 6.50000 90.0000000000 2.6334741116   42.938  6.206  5.1248  5.316    1  0.000  3.581     0.00     0.00     0.00     0.00     0.00 -1 -0.000121      0.00 2.993e-02 9.238e-01 2.862e-02 8.430e-03 2.171e-03 10.876 4.625e-02 -10.746 -5.313 -5.397 -5.202
0.0152 0.01508 6.50000 91.3541336060 2.6334831715   41.052  6.186  5.1418  5.385    1  0.000  9.088     0.00     0.00     0.00     0.00     0.00 -1 -0.000107      0.00 3.446e-05 8.873e-01 8.908e-02 5.706e-03 6.583e-03 14.309 1.127e-01 -10.695 -4.200 -4.386 -3.840
0.0152 0.01508 6.50000 95.0000000000 2.6335055828   38.246  6.161  5.1425  5.382    1  0.000 11.951     0.00     0.00     0.00     0.00     0.00 -1 -6.05e-05      0.00 1.000e-33 6.667e-01 2.831e-01 6.715e-04 3.022e-02 43.337 3.333e-01 -10.632 -4.137 -4.323 -3.777
0.0152 0.01508 6.50000 95.9619674683 2.6335113049   37.834  6.159  5.1426  5.380    1  0.000 11.614     0.00     0.00     0.00     0.00     0.00 -1 -5.38e-05      0.00 1.000e-33 6.212e-01 3.213e-01 1.000e-33 3.702e-02 43.388 3.788e-01 -10.626 -4.132 -4.318 -3.771
0.0152 0.01508 6.50000 98.7034912109 2.6335265636   37.282  6.162  5.1449  5.380    2  0.000  8.549     0.00     0.00     0.00     0.00     0.00 -1  -4.2e-05      0.00 1.000e-33 5.379e-01 3.774e-01 1.206e-29 6.420e-02 43.438 4.621e-01 -10.634 -4.140 -4.325 -3.779
0.0152 0.01508 6.50000 100.0000000000 2.6335334778   37.065  6.163  5.1461  5.380    2  0.000  7.329     0.00     0.00     0.00     0.00     0.00 -1 -3.76e-05      0.00 1.000e-33 5.026e-01 4.003e-01 1.685e-29 7.658e-02 43.456 4.974e-01 -10.639 -4.144 -4.330 -3.783
0.0152 0.01508 6.50000 101.1036453247 2.6335391998   36.866  6.164  5.1470  5.380    2  0.000  6.475     0.00     0.00     0.00     0.00     0.00 -1 -3.45e-05      0.00 1.000e-33 4.766e-01 4.167e-01 4.415e-27 8.614e-02 43.467 5.234e-01 -10.641 -4.146 -4.332 -3.785
0.0152 0.01508 6.50000 104.7578430176 2.6335573196   36.586  6.173  5.1541  5.397    3  0.000  4.959     0.00     0.00     0.00     0.00     0.00 -1  -3.2e-05      0.00 1.000e-33 4.124e-01 4.460e-01 5.786e-26 1.209e-01 43.471 5.876e-01 -10.662 -4.167 -4.353 -3.806
0.0152 0.01508 6.50000 104.8115158081 2.6335575581   36.582  6.173  5.1542  5.397    3  0.000  4.939     0.00     0.00     0.00     0.00     0.00 -1 -3.19e-05      0.00 1.000e-33 4.115e-01 4.464e-01 6.284e-26 1.214e-01 43.471 5.885e-01 -10.662 -4.167 -4.353 -3.807
0.0152 0.01508 6.50000 106.6172332764 2.6335659027   36.326  6.175  5.1622  5.424    3  0.000  3.593     0.00     0.00     0.00     0.00     0.00 -1 -3.99e-05      0.00 1.000e-33 3.266e-01 4.667e-01 1.551e-25 1.857e-01 43.436 6.734e-01 -10.669 -4.174 -4.360 -3.813
0.0152 0.01508 6.50000 108.3723526001 2.6335737705   35.937  6.177  5.1747  5.467    3  0.000  2.556     0.00     0.00     0.00     0.00     0.00 -1 -4.88e-05      0.00 1.000e-33 2.511e-01 4.655e-01 1.377e-24 2.622e-01 43.350 7.489e-01 -10.673 -4.178 -4.364 -3.817
0.0152 0.01508 6.50000 109.2591705322 2.6335775852   35.667  6.178  5.1857  5.507    3  0.000  2.189     0.00     0.00     0.00     0.00     0.00 -1 -5.43e-05      0.00 1.000e-33 2.203e-01 4.551e-01 1.995e-24 3.032e-01 43.278 7.797e-01 -10.675 -4.181 -4.367 -3.820
0.0152 0.01508 6.50000 109.3824844360 2.6335780621   35.626  6.178  5.1876  5.514    3  0.000  2.155     0.00     0.00     0.00     0.00     0.00 -1 -5.49e-05      0.00 1.000e-33 2.176e-01 4.545e-01 2.031e-24 3.065e-01 43.272 7.824e-01 -10.676 -4.182 -4.367 -3.821
0.0152 0.01508 6.50000 109.5855636597 2.6335790157   35.550  6.180  5.1938  5.536    3  0.000  2.067     0.00     0.00     0.00     0.00     0.00 -1 -5.67e-05      0.00 1.000e-33 2.094e-01 4.489e-01 1.882e-24 3.203e-01 43.240 7.906e-01 -10.680 -4.186 -4.371 -3.825
0.0152 0.01508 6.50000 109.8759841919 2.6335802078   35.440  6.184  5.2071  5.584    3  0.000  1.960     0.00     0.00     0.00     0.00     0.00 -1 -6.03e-05      0.00 1.000e-33 1.994e-01 4.421e-01 1.694e-24 3.370e-01 43.198 8.006e-01 -10.690 -4.196 -4.381 -3.835
0.0152 0.01508 6.50000 109.9646530151 2.6335804462   35.403  6.189  5.2176  5.621    3  0.000  1.943     0.00     0.00     0.00     0.00     0.00 -1 -6.31e-05      0.00 1.000e-33 1.979e-01 4.410e-01 1.665e-24 3.395e-01 43.191 8.021e-01 -10.701 -4.207 -4.392 -3.846
0.0152 0.01508 6.50000 110.0028610229 2.6335806847   35.386  6.193  5.2264  5.652    3  0.000  1.938     0.00     0.00     0.00     0.00     0.00 -1 -6.55e-05      0.00 1.000e-33 1.974e-01 4.408e-01 1.655e-24 3.403e-01 43.189 8.026e-01 -10.711 -4.217 -4.402 -3.856
0.0152 0.01508 6.50000 110.0512847900 2.6335809231   35.362  6.200  5.2409  5.702    3  0.000  1.930     0.00     0.00     0.00     0.00     0.00 -1 -7.01e-05      0.00 1.000e-33 1.968e-01 4.404e-01 1.651e-24 3.413e-01 43.186 8.032e-01 -10.730 -4.236 -4.421 -3.875
0.0152 0.01508 6.50000 110.1013641357 2.6335811615   35.335  6.208  5.2546  5.749    3  0.000  1.920     0.00     0.00     0.00     0.00     0.00 -1 -7.49e-05      0.00 1.000e-33 1.959e-01 4.398e-01 1.648e-24 3.427e-01 43.183 8.041e-01 -10.749 -4.254 -4.440 -3.894
0.0152 0.01508 6.50000 110.1583480835 2.6335813999   35.301  6.216  5.2681  5.794    3  0.000  1.908     0.00     0.00     0.00     0.00     0.00 -1 -8.06e-05      0.00 1.000e-33 1.949e-01 4.392e-01 1.642e-24 3.443e-01 43.178 8.051e-01 -10.770 -4.275 -4.461 -3.915
0.0152 0.01508 6.50000 110.2163543701 2.6335816383   35.264  6.224  5.2802  5.834    3  0.000  1.893     0.00     0.00     0.00     0.00     0.00 -1 -8.75e-05      0.00 1.000e-33 1.936e-01 4.383e-01 1.629e-24 3.464e-01 43.172 8.064e-01 -10.791 -4.297 -4.482 -3.936
0.0152 0.01508 6.50000 110.2740936279 2.6335818768   35.222  6.234  5.2915  5.869    3  0.000  1.875     0.00     0.00     0.00     0.00     0.00 -1  -9.5e-05      0.00 1.000e-33 1.921e-01 4.373e-01 1.660e-24 3.489e-01 43.166 8.079e-01 -10.814 -4.320 -4.505 -3.959
0.0152 0.01508 6.50000 110.3278427124 2.6335821152   35.178  6.247  5.3055  5.911    3  0.000  1.857     0.00     0.00     0.00     0.00     0.00 -1 -0.000108      0.00 1.000e-33 1.906e-01 4.364e-01 1.698e-24 3.514e-01 43.158 8.094e-01 -10.849 -4.354 -4.540 -3.993
0.0152 0.01508 6.50000 110.3398895264 2.6335821152   35.169  6.261  5.3189  5.951    3  0.000  1.854     0.00     0.00     0.00     0.00     0.00 -1 -0.000121      0.00 1.000e-33 1.903e-01 4.362e-01 1.701e-24 3.518e-01 43.157 8.097e-01 -10.881 -4.387 -4.572 -4.026
0.0152 0.01508 6.50000 110.3406143188 2.6335821152   35.171  6.263  5.3215  5.959    3  0.000  1.854     0.00     0.00     0.00     0.00     0.00 -1 -0.000123      0.00 1.000e-33 1.903e-01 4.362e-01 1.701e-24 3.518e-01 43.157 8.097e-01 -10.888 -4.393 -4.579 -4.032
#isochrone terminated
