# File generated by CMD 3.5 (http://stev.oapd.inaf.it/cmd) on Wed Oct 20 04:51:27 CEST 2021
# isochrones based on PARSEC release v1.2S +  COLIBRI S_37 + S_35 + PR16
# Basic references: Bressan et al. (2012), MNRAS, 427, 127 + Chen et al. (2014, 2015), MNRAS, 444, 2525 + MNRAS, 452, 1068 + Tang et al. (2014), MNRAS, 445, 4287 + Marigo et al. (2017), ApJ, 835, 77 + Pastorelli al. (2019), MNRAS, 485, 5666 + Pastorelli al. (2020), MNRAS, in press
# Thermal pulse cycles included 
# On RGB, assumed Reimers mass loss with efficiency eta=0.2
# LPV periods and growth rates added cf. Trabucchi et al. (2019)
# Photometric system: Gaia EDR3 (all Vegamags, Gaia passbands from ESA/Gaia website)
# Attention: photometry includes extinction of Av=3.1, with coefficients derived for the Sun, for Cardelli et al 89 + O'Donnell 94 Rv=3.1 extinction curve.
# Using OBC version of bolometric corrections as detailed in Marigo et al. (2008, A&A 482, 883) and Girardi et al. (2008, PASP 120, 583
# O-rich circumstellar dpmod60alox40 dust from Groenewegen (2006)
# C-rich circumstellar AMCSIC15 dust from Groenewegen (2006)
# IMF: Kroupa (2001, 2002) + Kroupa et al. (2013) canonical two-part-power law IMF corrected for unresolved binaries 
# Kind of output: isochrone tables
# Zini     MH   logAge Mini        int_IMF         Mass   logL    logTe  logg  label   McoreTP C_O  period0  period1  period2  period3  period4  pmode  Mloss  tau1m   X   Y   Xc  Xn  Xo  Cexcess  Z 	 mbolmag  Gmag    G_BPmag  G_RPmag
0.0152 0.01508 6.50000 0.0900000036 1.0816895962    0.090 -1.517  3.4265  3.567    0  0.000  0.545     0.00     0.00     0.00     0.00     0.00 -1 -2.12e-14      0.00 7.092e-01 2.755e-01 2.746e-03 7.408e-04 6.719e-03 -1.000 1.527e-02 8.562 13.220 16.410 11.130
0.0152 0.01508 6.50000 0.0920242891 1.1008026600    0.092 -1.513  3.4268  3.575    0  0.000  0.545     0.00     0.00     0.00     0.00     0.00 -1  -2.1e-14      0.00 7.092e-01 2.755e-01 2.746e-03 7.408e-04 6.719e-03 -1.000 1.527e-02 8.553 13.196 16.369 11.108
0.0152 0.01508 6.50000 0.1034724265 1.1994750500    0.103 -1.480  3.4300  3.604    0  0.000  0.545     0.00     0.00     0.00     0.00     0.00 -1 -2.06e-14      0.00 7.092e-01 2.755e-01 2.746e-03 7.408e-04 6.719e-03 -1.000 1.527e-02 8.469 13.001 16.062 10.929
0.0152 0.01508 6.50000 0.1104671732 1.2530329227    0.110 -1.460  3.4322  3.622    0  0.000  0.545     0.00     0.00     0.00     0.00     0.00 -1 -2.05e-14      0.00 7.092e-01 2.755e-01 2.746e-03 7.408e-04 6.719e-03 -1.000 1.527e-02 8.420 12.913 15.934 10.848
0.0152 0.01508 6.50000 0.1174051687 1.3019695282    0.117 -1.450  3.4332  3.642    0  0.000  0.545     0.00     0.00     0.00     0.00     0.00 -1 -1.99e-14      0.00 7.092e-01 2.755e-01 2.746e-03 7.408e-04 6.719e-03 -1.000 1.527e-02 8.395 12.860 15.853 10.799
0.0152 0.01508 6.50000 0.1213325933 1.3280352354    0.121 -1.439  3.4343  3.650    0  0.000  0.545     0.00     0.00     0.00     0.00     0.00 -1 -1.98e-14      0.00 7.092e-01 2.755e-01 2.746e-03 7.408e-04 6.719e-03 -1.000 1.527e-02 8.368 12.814 15.789 10.756
0.0152 0.01508 6.50000 0.1282889545 1.3716146946    0.128 -1.406  3.4380  3.656    0  0.000  0.545     0.00     0.00     0.00     0.00     0.00 -1 -2.07e-14      0.00 7.092e-01 2.755e-01 2.746e-03 7.408e-04 6.719e-03 -1.000 1.527e-02 8.284 12.684 15.615 10.635
0.0152 0.01508 6.50000 0.1350824088 1.4113059044    0.135 -1.386  3.4402  3.667    0  0.000  0.545     0.00     0.00     0.00     0.00     0.00 -1 -2.08e-14      0.00 7.092e-01 2.755e-01 2.746e-03 7.408e-04 6.719e-03 -1.000 1.527e-02 8.235 12.601 15.502 10.558
0.0152 0.01508 6.50000 0.1436701417 1.4579179287    0.144 -1.362  3.4430  3.681    0  0.000  0.545     0.00     0.00     0.00     0.00     0.00 -1  -2.1e-14      0.00 7.092e-01 2.755e-01 2.746e-03 7.408e-04 6.719e-03 -1.000 1.527e-02 8.176 12.499 15.364 10.463
0.0152 0.01508 6.50000 0.1507771015 1.4938348532    0.151 -1.335  3.4460  3.687    0  0.000  0.545     0.00     0.00     0.00     0.00     0.00 -1 -2.17e-14      0.00 7.092e-01 2.755e-01 2.746e-03 7.408e-04 6.719e-03 -1.000 1.527e-02 8.108 12.397 15.226 10.369
0.0152 0.01508 6.50000 0.1577448100 1.5269730091    0.158 -1.317  3.4480  3.697    0  0.000  0.545     0.00     0.00     0.00     0.00     0.00 -1 -2.19e-14      0.00 7.092e-01 2.755e-01 2.746e-03 7.408e-04 6.719e-03 -1.000 1.527e-02 8.062 12.326 15.128 10.304
0.0152 0.01508 6.50000 0.1612925231 1.5431232452    0.161 -1.310  3.4490  3.703    0  0.000  0.545     0.00     0.00     0.00     0.00     0.00 -1 -2.18e-14      0.00 7.092e-01 2.755e-01 2.746e-03 7.408e-04 6.719e-03 -1.000 1.527e-02 8.045 12.295 15.084 10.275
0.0152 0.01508 6.50000 0.1712784618 1.5862089396    0.171 -1.268  3.4539  3.707    0  0.000  0.545     0.00     0.00     0.00     0.00     0.00 -1 -2.32e-14      0.00 7.092e-01 2.755e-01 2.746e-03 7.408e-04 6.719e-03 -1.000 1.527e-02 7.939 12.144 14.876 10.135
0.0152 0.01508 6.50000 0.1813068241 1.6263104677    0.181 -1.234  3.4576  3.713    0  0.000  0.545     0.00     0.00     0.00     0.00     0.00 -1 -2.42e-14      0.00 7.092e-01 2.755e-01 2.746e-03 7.408e-04 6.719e-03 -1.000 1.527e-02 7.855 12.023 14.711 10.024
0.0152 0.01508 6.50000 0.1913483441 1.6636747122    0.191 -1.211  3.4602  3.723    0  0.000  0.545     0.00     0.00     0.00     0.00     0.00 -1 -2.46e-14      0.00 7.092e-01 2.755e-01 2.746e-03 7.408e-04 6.719e-03 -1.000 1.527e-02 7.796 11.935 14.590 9.944
0.0152 0.01508 6.50000 0.2003560662 1.6950856447    0.200 -1.199  3.4617  3.738    0  0.000  0.545     0.00     0.00     0.00     0.00     0.00 -1 -2.43e-14      0.00 7.092e-01 2.755e-01 2.746e-03 7.408e-04 6.719e-03 -1.000 1.527e-02 7.768 11.884 14.516 9.898
0.0152 0.01508 6.50000 0.2151179612 1.7427845001    0.215 -1.153  3.4673  3.744    0  0.000  0.545     0.00     0.00     0.00     0.00     0.00 -1 -2.59e-14      0.00 7.092e-01 2.755e-01 2.746e-03 7.408e-04 6.719e-03 -1.000 1.527e-02 7.652 11.719 14.284 9.747
0.0152 0.01508 6.50000 0.2301564664 1.7871897221    0.230 -1.115  3.4718  3.754    0  0.000  0.545     0.00     0.00     0.00     0.00     0.00 -1  -2.7e-14      0.00 7.092e-01 2.755e-01 2.746e-03 7.408e-04 6.719e-03 -1.000 1.527e-02 7.557 11.582 14.092 9.623
0.0152 0.01508 6.50000 0.2454635501 1.8286733627    0.245 -1.084  3.4755  3.766    0  0.000  0.545     0.00     0.00     0.00     0.00     0.00 -1 -2.77e-14      0.00 7.092e-01 2.755e-01 2.746e-03 7.408e-04 6.719e-03 -1.000 1.527e-02 7.480 11.469 13.936 9.521
0.0152 0.01508 6.50000 0.2697553933 1.8880412579    0.270 -1.030  3.4827  3.781    0  0.000  0.545     0.00     0.00     0.00     0.00     0.00 -1 -2.94e-14      0.00 7.092e-01 2.755e-01 2.746e-03 7.408e-04 6.719e-03 -1.000 1.527e-02 7.344 11.269 13.655 9.342
0.0152 0.01508 6.50000 0.2922107577 1.9370464087    0.292 -0.983  3.4888  3.794    0  0.000  0.545     0.00     0.00     0.00     0.00     0.00 -1  -3.1e-14      0.00 7.092e-01 2.755e-01 2.746e-03 7.408e-04 6.719e-03 -1.000 1.527e-02 7.228 11.100 13.418 9.190
0.0152 0.01508 6.50000 0.3000000119 1.9529139996    0.300 -0.968  3.4907  3.798    0  0.000  0.545     0.00     0.00     0.00     0.00     0.00 -1 -3.15e-14      0.00 7.092e-01 2.755e-01 2.746e-03 7.408e-04 6.719e-03 -1.000 1.527e-02 7.191 11.047 13.344 9.143
0.0152 0.01508 6.50000 0.3254787922 2.0012934208    0.325 -0.918  3.4976  3.811    0  0.000  0.545     0.00     0.00     0.00     0.00     0.00 -1 -3.35e-14      0.00 7.092e-01 2.755e-01 2.746e-03 7.408e-04 6.719e-03 -1.000 1.527e-02 7.065 10.864 13.090 8.980
0.0152 0.01508 6.50000 0.3554904163 2.0523254871    0.356 -0.865  3.5048  3.825    0  0.000  0.545     0.00     0.00     0.00     0.00     0.00 -1 -3.55e-14      0.00 7.092e-01 2.755e-01 2.746e-03 7.408e-04 6.719e-03 -1.000 1.527e-02 6.933 10.671 12.822 8.810
0.0152 0.01508 6.50000 0.3987213373 2.1167371273    0.399 -0.792  3.5155  3.844    0  0.000  0.545     0.00     0.00     0.00     0.00     0.00 -1 -3.89e-14      0.00 7.092e-01 2.755e-01 2.746e-03 7.408e-04 6.719e-03 -1.000 1.527e-02 6.749 10.398 12.446 8.570
0.0152 0.01508 6.50000 0.4000000358 2.1185026169    0.400 -0.790  3.5157  3.845    0  0.000  0.545     0.00     0.00     0.00     0.00     0.00 -1  -3.9e-14      0.00 7.092e-01 2.755e-01 2.746e-03 7.408e-04 6.719e-03 -1.000 1.527e-02 6.744 10.391 12.436 8.564
0.0152 0.01508 6.50000 0.4040442705 2.1240382195    0.404 -0.783  3.5168  3.846    0  0.000  0.545     0.00     0.00     0.00     0.00     0.00 -1 -3.93e-14      0.00 7.092e-01 2.755e-01 2.746e-03 7.408e-04 6.719e-03 -1.000 1.527e-02 6.728 10.366 12.401 8.542
0.0152 0.01508 6.50000 0.4632345736 2.1976342201    0.463 -0.691  3.5311  3.871    0  0.000  0.545     0.00     0.00     0.00     0.00     0.00 -1 -4.42e-14      0.00 7.092e-01 2.755e-01 2.746e-03 7.408e-04 6.719e-03 -1.000 1.527e-02 6.497 10.016 11.919 8.240
0.0152 0.01508 6.50000 0.4991621673 2.2365896702    0.499 -0.640  3.5394  3.885    0  0.000  0.545     0.00     0.00     0.00     0.00     0.00 -1 -4.71e-14      0.00 7.092e-01 2.755e-01 2.746e-03 7.408e-04 6.719e-03 -1.000 1.527e-02 6.369 9.819 11.647 8.072
0.0152 0.01508 6.50000 0.5000000000 2.2374541759    0.500 -0.638  3.5396  3.886    0  0.000  0.545     0.00     0.00     0.00     0.00     0.00 -1 -4.71e-14      0.00 7.092e-01 2.755e-01 2.746e-03 7.408e-04 6.719e-03 -1.000 1.527e-02 6.366 9.815 11.641 8.068
0.0152 0.01508 6.50000 0.5004411936 2.2379086018    0.501 -0.638  3.5397  3.886    0  0.000  0.545     0.00     0.00     0.00     0.00     0.00 -1 -4.72e-14      0.00 7.092e-01 2.755e-01 2.746e-03 7.408e-04 6.719e-03 -1.000 1.527e-02 6.364 9.812 11.637 8.066
0.0152 0.01508 6.50000 0.5204924345 2.2576262951    0.520 -0.607  3.5451  3.893    0  0.000  0.545     0.00     0.00     0.00     0.00     0.00 -1 -4.92e-14      0.00 7.092e-01 2.755e-01 2.746e-03 7.408e-04 6.719e-03 -1.000 1.527e-02 6.287 9.692 11.474 7.965
0.0152 0.01508 6.50000 0.5419940352 2.2769172192    0.542 -0.578  3.5500  3.902    0  0.000  0.545     0.00     0.00     0.00     0.00     0.00 -1 -5.11e-14      0.00 7.092e-01 2.755e-01 2.746e-03 7.408e-04 6.719e-03 -1.000 1.527e-02 6.214 9.582 11.327 7.870
0.0152 0.01508 6.50000 0.5500000119 2.2836582661    0.550 -0.568  3.5516  3.905    0  0.000  0.545     0.00     0.00     0.00     0.00     0.00 -1 -5.16e-14      0.00 7.092e-01 2.755e-01 2.746e-03 7.408e-04 6.719e-03 -1.000 1.527e-02 6.191 9.546 11.280 7.840
0.0152 0.01508 6.50000 0.5712240338 2.3004825115    0.571 -0.538  3.5570  3.912    0  0.000  0.545     0.00     0.00     0.00     0.00     0.00 -1 -5.39e-14      0.00 7.092e-01 2.755e-01 2.746e-03 7.408e-04 6.719e-03 -1.000 1.527e-02 6.114 9.430 11.125 7.740
0.0152 0.01508 6.50000 0.5969519019 2.3190433979    0.597 -0.503  3.5631  3.922    0  0.000  0.545     0.00     0.00     0.00     0.00     0.00 -1 -5.64e-14      0.00 7.092e-01 2.755e-01 2.746e-03 7.408e-04 6.719e-03 -1.000 1.527e-02 6.029 9.303 10.961 7.632
0.0152 0.01508 6.50000 0.6000000238 2.3211214542    0.600 -0.500  3.5638  3.923    0  0.000  0.545     0.00     0.00     0.00     0.00     0.00 -1 -5.67e-14      0.00 7.092e-01 2.755e-01 2.746e-03 7.408e-04 6.719e-03 -1.000 1.527e-02 6.019 9.289 10.943 7.620
0.0152 0.01508 6.50000 0.6128938794 2.3296494484    0.613 -0.483  3.5669  3.928    0  0.000  0.545     0.00     0.00     0.00     0.00     0.00 -1  -5.8e-14      0.00 7.092e-01 2.755e-01 2.746e-03 7.408e-04 6.719e-03 -1.000 1.527e-02 5.978 9.227 10.863 7.568
0.0152 0.01508 6.50000 0.6386827826 2.3455245495    0.639 -0.450  3.5729  3.937    0  0.000  0.545     0.00     0.00     0.00     0.00     0.00 -1 -6.06e-14      0.00 7.092e-01 2.755e-01 2.746e-03 7.408e-04 6.719e-03 -1.000 1.527e-02 5.895 9.126 10.746 7.474
0.0152 0.01508 6.50000 0.6499999762 2.3520355225    0.650 -0.436  3.5755  3.941    0  0.000  0.545     0.00     0.00     0.00     0.00     0.00 -1 -6.18e-14      0.00 7.092e-01 2.755e-01 2.746e-03 7.408e-04 6.719e-03 -1.000 1.527e-02 5.860 9.092 10.715 7.439
0.0152 0.01508 6.50000 0.6636940241 2.3595733643    0.664 -0.418  3.5787  3.945    0  0.000  0.545     0.00     0.00     0.00     0.00     0.00 -1 -6.34e-14      0.00 7.092e-01 2.755e-01 2.746e-03 7.408e-04 6.719e-03 -1.000 1.527e-02 5.816 9.052 10.678 7.396
0.0152 0.01508 6.50000 0.6911630034 2.3736634254    0.691 -0.383  3.5850  3.953    0  0.000  0.545     0.00     0.00     0.00     0.00     0.00 -1 -6.68e-14      0.00 7.092e-01 2.755e-01 2.746e-03 7.408e-04 6.719e-03 -1.000 1.527e-02 5.728 8.960 10.579 7.308
0.0152 0.01508 6.50000 0.7000000477 2.3779268265    0.700 -0.373  3.5870  3.956    0  0.000  0.545     0.00     0.00     0.00     0.00     0.00 -1 -6.78e-14      0.00 7.092e-01 2.755e-01 2.746e-03 7.408e-04 6.719e-03 -1.000 1.527e-02 5.701 8.913 10.503 7.277
0.0152 0.01508 6.50000 0.7247626781 2.3892393112    0.725 -0.313  3.6054  3.984    0  0.000  0.541     0.00     0.00     0.00     0.00     0.00 -1  -7.4e-14      0.00 7.092e-01 2.755e-01 2.728e-03 7.404e-04 6.719e-03 -1.000 1.527e-02 5.552 8.609 9.997 7.085
0.0152 0.01508 6.50000 0.7500000000 2.3998889923    0.750 -0.249  3.6244  4.012    0  0.000  0.538     0.00     0.00     0.00     0.00     0.00 -1 -8.17e-14      0.00 7.092e-01 2.755e-01 2.710e-03 7.399e-04 6.720e-03 -1.000 1.527e-02 5.393 8.347 9.648 6.884
0.0152 0.01508 6.50000 0.7602254748 2.4039733410    0.760 -0.241  3.6256  4.014    0  0.000  0.538     0.00     0.00     0.00     0.00     0.00 -1 -8.26e-14      0.00 7.092e-01 2.755e-01 2.710e-03 7.399e-04 6.720e-03 -1.000 1.527e-02 5.372 8.319 9.615 6.860
0.0152 0.01508 6.50000 0.7998337746 2.4186663628    0.800 -0.206  3.6301  4.019    0  0.000  0.538     0.00     0.00     0.00     0.00     0.00 -1 -8.68e-14      0.00 7.092e-01 2.755e-01 2.710e-03 7.399e-04 6.720e-03 -1.000 1.527e-02 5.284 8.209 9.488 6.762
0.0152 0.01508 6.50000 0.8000000119 2.4187245369    0.800 -0.205  3.6301  4.019    0  0.000  0.538     0.00     0.00     0.00     0.00     0.00 -1 -8.68e-14      0.00 7.092e-01 2.755e-01 2.710e-03 7.399e-04 6.720e-03 -1.000 1.527e-02 5.284 8.208 9.488 6.762
0.0152 0.01508 6.50000 0.8044449091 2.4202692509    0.804 -0.202  3.6306  4.020    0  0.000  0.538     0.00     0.00     0.00     0.00     0.00 -1 -8.71e-14      0.00 7.092e-01 2.755e-01 2.710e-03 7.399e-04 6.720e-03 -1.000 1.527e-02 5.275 8.197 9.475 6.752
0.0152 0.01508 6.50000 0.8500000238 2.4350347519    0.850 -0.163  3.6356  4.025    0  0.000  0.538     0.00     0.00     0.00     0.00     0.00 -1 -9.22e-14      0.00 7.092e-01 2.755e-01 2.710e-03 7.399e-04 6.720e-03 -1.000 1.527e-02 5.178 8.076 9.336 6.644
0.0152 0.01508 6.50000 0.8525712490 2.4358143806    0.852 -0.161  3.6359  4.025    0  0.000  0.538     0.00     0.00     0.00     0.00     0.00 -1 -9.25e-14      0.00 7.092e-01 2.755e-01 2.710e-03 7.399e-04 6.720e-03 -1.000 1.527e-02 5.173 8.070 9.329 6.639
0.0152 0.01508 6.50000 0.9000000358 2.4492788315    0.899 -0.121  3.6409  4.029    0  0.000  0.538     0.00     0.00     0.00     0.00     0.00 -1 -9.83e-14      0.00 7.092e-01 2.755e-01 2.710e-03 7.399e-04 6.720e-03 -1.000 1.527e-02 5.072 7.945 9.186 6.527
0.0152 0.01508 6.50000 0.9500000477 2.4618122578    0.950 -0.081  3.6460  4.033    0  0.000  0.538     0.00     0.00     0.00     0.00     0.00 -1 -1.04e-13      0.00 7.092e-01 2.755e-01 2.710e-03 7.399e-04 6.720e-03 -1.000 1.527e-02 4.973 7.822 9.047 6.418
0.0152 0.01508 6.50000 0.9809569716 2.4688401222    0.981 -0.058  3.6491  4.036    0  0.000  0.538     0.00     0.00     0.00     0.00     0.00 -1 -1.08e-13      0.00 7.092e-01 2.755e-01 2.710e-03 7.399e-04 6.720e-03 -1.000 1.527e-02 4.915 7.749 8.964 6.353
0.0152 0.01508 6.50000 1.0000000000 2.4729156494    1.000 -0.042  3.6511  4.037    0  0.000  0.538     0.00     0.00     0.00     0.00     0.00 -1 -1.11e-13      0.00 7.092e-01 2.755e-01 2.710e-03 7.399e-04 6.720e-03 -1.000 1.527e-02 4.876 7.701 8.909 6.309
0.0152 0.01508 6.50000 1.0375319719 2.4804465771    1.037 -0.015  3.6547  4.039    0  0.000  0.538     0.00     0.00     0.00     0.00     0.00 -1 -1.09e-13      0.00 7.092e-01 2.755e-01 2.710e-03 7.399e-04 6.720e-03 -1.000 1.527e-02 4.807 7.616 8.812 6.234
0.0152 0.01508 6.50000 1.0499999523 2.4828116894    1.050 -0.005  3.6559  4.040    0  0.000  0.538     0.00     0.00     0.00     0.00     0.00 -1 -1.09e-13      0.00 7.092e-01 2.755e-01 2.710e-03 7.399e-04 6.720e-03 -1.000 1.527e-02 4.784 7.588 8.781 6.208
0.0152 0.01508 6.50000 1.1000000238 2.4916803837    1.099  0.033  3.6608  4.041    0  0.000  0.538     0.00     0.00     0.00     0.00     0.00 -1 -1.07e-13      0.00 7.092e-01 2.755e-01 2.710e-03 7.399e-04 6.720e-03 -1.000 1.527e-02 4.686 7.472 8.651 6.104
0.0152 0.01508 6.50000 1.1499999762 2.4996678829    1.149  0.070  3.6654  4.042    0  0.000  0.538     0.00     0.00     0.00     0.00     0.00 -1 -1.04e-13      0.00 7.092e-01 2.755e-01 2.710e-03 7.399e-04 6.720e-03 -1.000 1.527e-02 4.596 7.364 8.529 6.007
0.0152 0.01508 6.50000 1.2000000477 2.5068950653    1.200  0.105  3.6700  4.044    0  0.000  0.538     0.00     0.00     0.00     0.00     0.00 -1 -1.01e-13      0.00 7.092e-01 2.755e-01 2.710e-03 7.399e-04 6.720e-03 -1.000 1.527e-02 4.507 7.259 8.411 5.912
0.0152 0.01508 6.50000 1.2393213511 2.5121099949    1.239  0.131  3.6733  4.046    0  0.000  0.538     0.00     0.00     0.00     0.00     0.00 -1 -9.64e-14      0.00 7.092e-01 2.755e-01 2.710e-03 7.399e-04 6.720e-03 -1.000 1.527e-02 4.443 7.183 8.326 5.844
0.0152 0.01508 6.50000 1.2500000000 2.5134611130    1.250  0.139  3.6743  4.045    0  0.000  0.538     0.00     0.00     0.00     0.00     0.00 -1 -9.57e-14      0.00 7.092e-01 2.755e-01 2.710e-03 7.399e-04 6.720e-03 -1.000 1.527e-02 4.423 7.160 8.300 5.823
0.0152 0.01508 6.50000 1.2999999523 2.5194499493    1.300  0.175  3.6787  4.044    0  0.000  0.538     0.00     0.00     0.00     0.00     0.00 -1 -9.08e-14      0.00 7.092e-01 2.755e-01 2.710e-03 7.399e-04 6.720e-03 -1.000 1.527e-02 4.332 7.053 8.181 5.726
0.0152 0.01508 6.50000 1.3082528114 2.5203878880    1.308  0.180  3.6794  4.044    0  0.000  0.538     0.00     0.00     0.00     0.00     0.00 -1 -8.95e-14      0.00 7.092e-01 2.755e-01 2.710e-03 7.399e-04 6.720e-03 -1.000 1.527e-02 4.320 7.039 8.164 5.713
0.0152 0.01508 6.50000 1.3500001431 2.5249314308    1.350  0.210  3.6830  4.042    0  0.000  0.538     0.00     0.00     0.00     0.00     0.00 -1 -8.46e-14      0.00 7.092e-01 2.755e-01 2.710e-03 7.399e-04 6.720e-03 -1.000 1.527e-02 4.245 6.952 8.068 5.635
0.0152 0.01508 6.50000 1.4000000954 2.5299651623    1.400  0.246  3.6873  4.039    0  0.000  0.538     0.00     0.00     0.00     0.00     0.00 -1 -7.78e-14      0.00 7.092e-01 2.755e-01 2.710e-03 7.399e-04 6.720e-03 -1.000 1.527e-02 4.154 6.848 7.953 5.541
0.0152 0.01508 6.50000 1.4500000477 2.5346016884    1.450  0.280  3.6914  4.037    0  0.000  0.538     0.00     0.00     0.00     0.00     0.00 -1 -6.89e-14      0.00 7.092e-01 2.755e-01 2.710e-03 7.399e-04 6.720e-03 -1.000 1.527e-02 4.070 6.752 7.846 5.454
0.0152 0.01508 6.50000 1.4801601171 2.5372250080    1.480  0.298  3.6938  4.037    0  0.000  0.538     0.00     0.00     0.00     0.00     0.00 -1  -6.2e-14      0.00 7.092e-01 2.755e-01 2.710e-03 7.399e-04 6.720e-03 -1.000 1.527e-02 4.025 6.700 7.788 5.407
0.0152 0.01508 6.50000 1.5000000000 2.5388846397    1.500  0.313  3.6955  4.035    0  0.000  0.538     0.00     0.00     0.00     0.00     0.00 -1 -5.85e-14      0.00 7.092e-01 2.755e-01 2.710e-03 7.399e-04 6.720e-03 -1.000 1.527e-02 3.988 6.658 7.741 5.369
0.0152 0.01508 6.50000 1.5499999523 2.5428512096    1.550  0.348  3.6997  4.031    0  0.000  0.538     0.00     0.00     0.00     0.00     0.00 -1 -4.72e-14      0.00 7.092e-01 2.755e-01 2.710e-03 7.399e-04 6.720e-03 -1.000 1.527e-02 3.899 6.559 7.633 5.279
0.0152 0.01508 6.50000 1.5863268375 2.5455534458    1.586  0.377  3.7028  4.025    0  0.000  0.538     0.00     0.00     0.00     0.00     0.00 -1 -3.72e-14      0.00 7.092e-01 2.755e-01 2.710e-03 7.399e-04 6.720e-03 -1.000 1.527e-02 3.829 6.482 7.548 5.209
0.0152 0.01508 6.50000 1.6000000238 2.5465342999    1.600  0.388  3.7040  4.022    0  0.000  0.538     0.00     0.00     0.00     0.00     0.00 -1 -3.42e-14      0.00 7.092e-01 2.755e-01 2.710e-03 7.399e-04 6.720e-03 -1.000 1.527e-02 3.799 6.449 7.513 5.179
0.0152 0.01508 6.50000 1.6500000954 2.5499615669    1.649  0.420  3.7080  4.019    0  0.000  0.538     0.00     0.00     0.00     0.00     0.00 -1 -1.82e-14      0.00 7.092e-01 2.755e-01 2.710e-03 7.399e-04 6.720e-03 -1.000 1.527e-02 3.720 6.361 7.415 5.099
0.0152 0.01508 6.50000 1.7000000477 2.5531582832    1.699  0.455  3.7120  4.014    0  0.000  0.538     0.00     0.00     0.00     0.00     0.00 -1    -1e-30      0.00 7.092e-01 2.755e-01 2.710e-03 7.399e-04 6.720e-03 -1.000 1.527e-02 3.633 6.265 7.310 5.012
0.0152 0.01508 6.50000 1.7113968134 2.5538568497    1.711  0.462  3.7129  4.012    0  0.000  0.538     0.00     0.00     0.00     0.00     0.00 -1    -1e-30      0.00 7.092e-01 2.755e-01 2.710e-03 7.399e-04 6.720e-03 -1.000 1.527e-02 3.614 6.245 7.288 4.994
0.0152 0.01508 6.50000 1.7500000000 2.5561456680    1.749  0.491  3.7161  4.007    0  0.000  0.538     0.00     0.00     0.00     0.00     0.00 -1    -1e-30      0.00 7.092e-01 2.755e-01 2.710e-03 7.399e-04 6.720e-03 -1.000 1.527e-02 3.544 6.168 7.204 4.924
0.0152 0.01508 6.50000 1.7698563337 2.5572783947    1.769  0.505  3.7177  4.004    0  0.000  0.538     0.00     0.00     0.00     0.00     0.00 -1    -1e-30      0.00 7.092e-01 2.755e-01 2.710e-03 7.399e-04 6.720e-03 -1.000 1.527e-02 3.509 6.129 7.162 4.889
0.0152 0.01508 6.50000 1.7999999523 2.5589430332    1.799  0.529  3.7203  3.997    0  0.000  0.538     0.00     0.00     0.00     0.00     0.00 -1    -1e-30      0.00 7.092e-01 2.755e-01 2.710e-03 7.399e-04 6.720e-03 -1.000 1.527e-02 3.448 6.063 7.089 4.828
0.0152 0.01508 6.50000 1.8493915796 2.5615363121    1.848  0.573  3.7249  3.983    0  0.000  0.538     0.00     0.00     0.00     0.00     0.00 -1    -1e-30      0.00 7.092e-01 2.755e-01 2.710e-03 7.399e-04 6.720e-03 -1.000 1.527e-02 3.337 5.943 6.959 4.718
0.0152 0.01508 6.50000 1.8500000238 2.5615673065    1.849  0.574  3.7249  3.983    0  0.000  0.538     0.00     0.00     0.00     0.00     0.00 -1    -1e-30      0.00 7.092e-01 2.755e-01 2.710e-03 7.399e-04 6.720e-03 -1.000 1.527e-02 3.335 5.942 6.957 4.717
0.0152 0.01508 6.50000 1.9000000954 2.5640332699    1.899  0.617  3.7294  3.969    0  0.000  0.538     0.00     0.00     0.00     0.00     0.00 -1    -1e-30      0.00 7.092e-01 2.755e-01 2.710e-03 7.399e-04 6.720e-03 -1.000 1.527e-02 3.228 5.828 6.834 4.613
0.0152 0.01508 6.50000 1.9500001669 2.5663545132    1.950  0.661  3.7339  3.954    0  0.000  0.538     0.00     0.00     0.00     0.00     0.00 -1    -1e-30      0.00 7.092e-01 2.755e-01 2.710e-03 7.399e-04 6.720e-03 -1.000 1.527e-02 3.117 5.709 6.706 4.504
0.0152 0.01508 6.50000 1.9523723125 2.5664610863    1.952  0.663  3.7341  3.953    0  0.000  0.538     0.00     0.00     0.00     0.00     0.00 -1    -1e-30      0.00 7.092e-01 2.755e-01 2.710e-03 7.399e-04 6.720e-03 -1.000 1.527e-02 3.111 5.704 6.699 4.499
0.0152 0.01508 6.50000 2.0000000000 2.5685424805    2.000  0.713  3.7388  3.934    0  0.000  0.538     0.00     0.00     0.00     0.00     0.00 -1    -1e-30      0.00 7.092e-01 2.755e-01 2.710e-03 7.399e-04 6.720e-03 -1.000 1.527e-02 2.989 5.574 6.559 4.379
0.0152 0.01508 6.50000 2.0281436443 2.5697197914    2.028  0.741  3.7415  3.922    0  0.000  0.538     0.00     0.00     0.00     0.00     0.00 -1    -1e-30      0.00 7.092e-01 2.755e-01 2.710e-03 7.399e-04 6.720e-03 -1.000 1.527e-02 2.917 5.500 6.479 4.311
0.0152 0.01508 6.50000 2.0499999523 2.5706083775    2.050  0.767  3.7439  3.910    0  0.000  0.538     0.00     0.00     0.00     0.00     0.00 -1    -1e-30      0.00 7.092e-01 2.755e-01 2.710e-03 7.399e-04 6.720e-03 -1.000 1.527e-02 2.853 5.433 6.407 4.249
0.0152 0.01508 6.50000 2.0791857243 2.5717616081    2.078  0.802  3.7470  3.894    0  0.000  0.538     0.00     0.00     0.00     0.00     0.00 -1    -1e-30      0.00 7.092e-01 2.755e-01 2.710e-03 7.399e-04 6.720e-03 -1.000 1.527e-02 2.766 5.342 6.310 4.165
0.0152 0.01508 6.50000 2.0999999046 2.5725615025    2.099  0.830  3.7495  3.879    0  0.000  0.538     0.00     0.00     0.00     0.00     0.00 -1    -1e-30      0.00 7.092e-01 2.755e-01 2.710e-03 7.399e-04 6.720e-03 -1.000 1.527e-02 2.694 5.267 6.230 4.096
0.0152 0.01508 6.50000 2.1300644875 2.5736854076    2.129  0.873  3.7531  3.857    0  0.000  0.538     0.00     0.00     0.00     0.00     0.00 -1    -1e-30      0.00 7.092e-01 2.755e-01 2.710e-03 7.399e-04 6.720e-03 -1.000 1.527e-02 2.587 5.157 6.111 3.993
0.0152 0.01508 6.50000 2.1500000954 2.5744106770    2.149  0.906  3.7558  3.839    0  0.000  0.538     0.00     0.00     0.00     0.00     0.00 -1    -1e-30      0.00 7.092e-01 2.755e-01 2.710e-03 7.399e-04 6.720e-03 -1.000 1.527e-02 2.505 5.072 6.021 3.915
0.0152 0.01508 6.50000 2.1714913845 2.5751755238    2.170  0.942  3.7588  3.819    0  0.000  0.538     0.00     0.00     0.00     0.00     0.00 -1    -1e-30      0.00 7.092e-01 2.755e-01 2.710e-03 7.399e-04 6.720e-03 -1.000 1.527e-02 2.415 4.979 5.922 3.828
0.0152 0.01508 6.50000 2.2000000477 2.5761635303    2.199  0.996  3.7632  3.789    0  0.000  0.538     0.00     0.00     0.00     0.00     0.00 -1    -1e-30      0.00 7.092e-01 2.755e-01 2.710e-03 7.399e-04 6.720e-03 -1.000 1.527e-02 2.280 4.840 5.774 3.699
0.0152 0.01508 6.50000 2.2010877132 2.5762004852    2.200  0.998  3.7634  3.788    0  0.000  0.538     0.00     0.00     0.00     0.00     0.00 -1    -1e-30      0.00 7.092e-01 2.755e-01 2.710e-03 7.399e-04 6.720e-03 -1.000 1.527e-02 2.275 4.835 5.768 3.695
0.0152 0.01508 6.50000 2.2362549305 2.5773780346    2.235  1.068  3.7692  3.748    0  0.000  0.538     0.00     0.00     0.00     0.00     0.00 -1    -1e-30      0.00 7.092e-01 2.755e-01 2.710e-03 7.399e-04 6.720e-03 -1.000 1.527e-02 2.099 4.654 5.576 3.528
0.0152 0.01508 6.50000 2.2500000000 2.5778269768    2.249  1.096  3.7717  3.733    0  0.000  0.538     0.00     0.00     0.00     0.00     0.00 -1    -1e-30      0.00 7.092e-01 2.755e-01 2.710e-03 7.399e-04 6.720e-03 -1.000 1.527e-02 2.030 4.583 5.500 3.462
0.0152 0.01508 6.50000 2.2700958252 2.5784716606    2.269  1.136  3.7753  3.711    0  0.000  0.538     0.00     0.00     0.00     0.00     0.00 -1    -1e-30      0.00 7.092e-01 2.755e-01 2.710e-03 7.399e-04 6.720e-03 -1.000 1.527e-02 1.929 4.480 5.389 3.367
0.0152 0.01508 6.50000 2.2999999523 2.5794074535    2.299  1.195  3.7811  3.681    0  0.000  0.538     0.00     0.00     0.00     0.00     0.00 -1    -1e-30      0.00 7.092e-01 2.755e-01 2.710e-03 7.399e-04 6.720e-03 -1.000 1.527e-02 1.782 4.328 5.226 3.230
0.0152 0.01508 6.50000 2.3246297836 2.5801572800    2.323  1.243  3.7863  3.658    0  0.000  0.538     0.00     0.00     0.00     0.00     0.00 -1    -1e-30      0.00 7.092e-01 2.755e-01 2.710e-03 7.399e-04 6.720e-03 -1.000 1.527e-02 1.661 4.205 5.093 3.119
0.0152 0.01508 6.50000 2.3558931351 2.5810832977    2.355  1.305  3.7937  3.632    0  0.000  0.538     0.00     0.00     0.00     0.00     0.00 -1    -1e-30      0.00 7.092e-01 2.755e-01 2.710e-03 7.399e-04 6.720e-03 -1.000 1.527e-02 1.508 4.049 4.921 2.980
0.0152 0.01508 6.50000 2.3864655495 2.5819618702    2.385  1.365  3.8025  3.612    0  0.000  0.538     0.00     0.00     0.00     0.00     0.00 -1    -1e-30      0.00 7.092e-01 2.755e-01 2.710e-03 7.399e-04 6.720e-03 -1.000 1.527e-02 1.357 3.895 4.751 2.846
0.0152 0.01508 6.50000 2.4000000954 2.5823426247    2.399  1.393  3.8070  3.605    0  0.000  0.538     0.00     0.00     0.00     0.00     0.00 -1    -1e-30      0.00 7.092e-01 2.755e-01 2.710e-03 7.399e-04 6.720e-03 -1.000 1.527e-02 1.289 3.825 4.673 2.788
0.0152 0.01508 6.50000 2.4162991047 2.5827944279    2.415  1.427  3.8138  3.601    0  0.000  0.538     0.00     0.00     0.00     0.00     0.00 -1    -1e-30      0.00 7.092e-01 2.755e-01 2.710e-03 7.399e-04 6.720e-03 -1.000 1.527e-02 1.202 3.738 4.573 2.717
0.0152 0.01508 6.50000 2.4310843945 2.5831985474    2.430  1.459  3.8214  3.603    0  0.000  0.538     0.00     0.00     0.00     0.00     0.00 -1    -1e-30      0.00 7.092e-01 2.755e-01 2.710e-03 7.399e-04 6.720e-03 -1.000 1.527e-02 1.123 3.659 4.480 2.656
0.0152 0.01508 6.50000 2.4443092346 2.5835549831    2.444  1.487  3.8295  3.609    0  0.000  0.538     0.00     0.00     0.00     0.00     0.00 -1    -1e-30      0.00 7.092e-01 2.755e-01 2.710e-03 7.399e-04 6.720e-03 -1.000 1.527e-02 1.052 3.587 4.394 2.605
0.0152 0.01508 6.50000 2.4569036961 2.5838906765    2.456  1.515  3.8383  3.619    0  0.000  0.538     0.00     0.00     0.00     0.00     0.00 -1    -1e-30      0.00 7.092e-01 2.755e-01 2.710e-03 7.399e-04 6.720e-03 -1.000 1.527e-02 0.984 3.519 4.312 2.558
0.0152 0.01508 6.50000 2.4691224098 2.5842123032    2.468  1.541  3.8476  3.631    0  0.000  0.538     0.00     0.00     0.00     0.00     0.00 -1    -1e-30      0.00 7.092e-01 2.755e-01 2.710e-03 7.399e-04 6.720e-03 -1.000 1.527e-02 0.917 3.454 4.231 2.516
0.0152 0.01508 6.50000 2.4810283184 2.5845222473    2.480  1.567  3.8572  3.646    0  0.000  0.538     0.00     0.00     0.00     0.00     0.00 -1    -1e-30      0.00 7.092e-01 2.755e-01 2.710e-03 7.399e-04 6.720e-03 -1.000 1.527e-02 0.851 3.392 4.153 2.478
0.0152 0.01508 6.50000 2.4926621914 2.5848219395    2.492  1.593  3.8668  3.661    0  0.000  0.538     0.00     0.00     0.00     0.00     0.00 -1    -1e-30      0.00 7.092e-01 2.755e-01 2.710e-03 7.399e-04 6.720e-03 -1.000 1.527e-02 0.787 3.332 4.077 2.442
0.0152 0.01508 6.50000 2.5040521622 2.5851120949    2.504  1.618  3.8765  3.676    0  0.000  0.538     0.00     0.00     0.00     0.00     0.00 -1    -1e-30      0.00 7.092e-01 2.755e-01 2.710e-03 7.399e-04 6.720e-03 -1.000 1.527e-02 0.724 3.274 4.005 2.410
0.0152 0.01508 6.50000 2.5152232647 2.5853939056    2.515  1.643  3.8863  3.693    0  0.000  0.538     0.00     0.00     0.00     0.00     0.00 -1    -1e-30      0.00 7.092e-01 2.755e-01 2.710e-03 7.399e-04 6.720e-03 -1.000 1.527e-02 0.663 3.220 3.936 2.382
0.0152 0.01508 6.50000 2.5298080444 2.5857572556    2.529  1.675  3.8994  3.715    0  0.000  0.538     0.00     0.00     0.00     0.00     0.00 -1    -1e-30      0.00 7.092e-01 2.755e-01 2.710e-03 7.399e-04 6.720e-03 -1.000 1.527e-02 0.582 3.154 3.850 2.350
0.0152 0.01508 6.50000 2.5440826416 2.5861084461    2.544  1.706  3.9125  3.739    0  0.000  0.538     0.00     0.00     0.00     0.00     0.00 -1    -1e-30      0.00 7.092e-01 2.755e-01 2.710e-03 7.399e-04 6.720e-03 -1.000 1.527e-02 0.504 3.095 3.772 2.324
0.0152 0.01508 6.50000 2.5580959320 2.5864489079    2.558  1.737  3.9256  3.764    0  0.000  0.538     0.00     0.00     0.00     0.00     0.00 -1    -1e-30      0.00 7.092e-01 2.755e-01 2.710e-03 7.399e-04 6.720e-03 -1.000 1.527e-02 0.429 3.044 3.705 2.304
0.0152 0.01508 6.50000 2.5718970299 2.5867798328    2.572  1.766  3.9389  3.790    0  0.000  0.538     0.00     0.00     0.00     0.00     0.00 -1    -1e-30      0.00 7.092e-01 2.755e-01 2.710e-03 7.399e-04 6.720e-03 -1.000 1.527e-02 0.355 3.004 3.651 2.289
0.0152 0.01508 6.50000 2.5855484009 2.5871033669    2.585  1.794  3.9521  3.817    0  0.000  0.538     0.00     0.00     0.00     0.00     0.00 -1    -1e-30      0.00 7.092e-01 2.755e-01 2.710e-03 7.399e-04 6.720e-03 -1.000 1.527e-02 0.284 2.973 3.609 2.281
0.0152 0.01508 6.50000 2.5991313457 2.5874211788    2.599  1.822  3.9655  3.845    0  0.000  0.538     0.00     0.00     0.00     0.00     0.00 -1    -1e-30      0.00 7.092e-01 2.755e-01 2.710e-03 7.399e-04 6.720e-03 -1.000 1.527e-02 0.216 2.953 3.578 2.281
0.0152 0.01508 6.50000 2.5999999046 2.5874414444    2.600  1.823  3.9663  3.847    0  0.000  0.538     0.00     0.00     0.00     0.00     0.00 -1    -1e-30      0.00 7.092e-01 2.755e-01 2.710e-03 7.399e-04 6.720e-03 -1.000 1.527e-02 0.211 2.952 3.577 2.282
0.0152 0.01508 6.50000 2.6084783077 2.5876379013    2.608  1.840  3.9745  3.865    0  0.000  0.538     0.00     0.00     0.00     0.00     0.00 -1    -1e-30      0.00 7.092e-01 2.755e-01 2.710e-03 7.399e-04 6.720e-03 -1.000 1.527e-02 0.171 2.944 3.563 2.284
0.0152 0.01508 6.50000 2.6219842434 2.5879476070    2.622  1.864  3.9874  3.894    0  0.000  0.538     0.00     0.00     0.00     0.00     0.00 -1    -1e-30      0.00 7.092e-01 2.755e-01 2.710e-03 7.399e-04 6.720e-03 -1.000 1.527e-02 0.111 2.939 3.550 2.294
0.0152 0.01508 6.50000 2.6358470917 2.5882618427    2.636  1.886  4.0003  3.926    0  0.000  0.538     0.00     0.00     0.00     0.00     0.00 -1    -1e-30      0.00 7.092e-01 2.755e-01 2.710e-03 7.399e-04 6.720e-03 -1.000 1.527e-02 0.056 2.942 3.546 2.310
0.0152 0.01508 6.50000 2.6506409645 2.5885930061    2.651  1.904  4.0131  3.961    0  0.000  0.538     0.00     0.00     0.00     0.00     0.00 -1    -1e-30      0.00 7.092e-01 2.755e-01 2.710e-03 7.399e-04 6.720e-03 -1.000 1.527e-02 0.010 2.956 3.554 2.336
0.0152 0.01508 6.50000 2.6588540077 2.5887749195    2.659  1.913  4.0198  3.981    0  0.000  0.538     0.00     0.00     0.00     0.00     0.00 -1    -1e-30      0.00 7.092e-01 2.755e-01 2.710e-03 7.399e-04 6.720e-03 -1.000 1.527e-02 -0.012 2.967 3.562 2.353
0.0152 0.01508 6.50000 2.6678819656 2.5889735222    2.668  1.912  4.0248  4.003    0  0.000  0.538     0.00     0.00     0.00     0.00     0.00 -1    -1e-30      0.00 7.092e-01 2.755e-01 2.710e-03 7.399e-04 6.720e-03 -1.000 1.527e-02 -0.011 2.992 3.585 2.382
0.0152 0.01508 6.50000 2.6925277710 2.5895078182    2.693  1.893  4.0334  4.061    0  0.000  0.538     0.00     0.00     0.00     0.00     0.00 -1    -1e-30      0.00 7.092e-01 2.755e-01 2.710e-03 7.399e-04 6.720e-03 -1.000 1.527e-02 0.038 3.083 3.673 2.479
0.0152 0.01508 6.50000 2.7081413269 2.5898406506    2.708  1.868  4.0349  4.095    0  0.000  0.538     0.00     0.00     0.00     0.00     0.00 -1    -1e-30      0.00 7.092e-01 2.755e-01 2.710e-03 7.399e-04 6.720e-03 -1.000 1.527e-02 0.101 3.155 3.744 2.551
0.0152 0.01508 6.50000 2.7211468220 2.5901143551    2.721  1.840  4.0340  4.120    0  0.000  0.538     0.00     0.00     0.00     0.00     0.00 -1    -1e-30      0.00 7.092e-01 2.755e-01 2.710e-03 7.399e-04 6.720e-03 -1.000 1.527e-02 0.169 3.218 3.808 2.613
0.0152 0.01508 6.50000 2.7339205742 2.5903804302    2.734  1.813  4.0320  4.142    0  0.000  0.538     0.00     0.00     0.00     0.00     0.00 -1    -1e-30      0.00 7.092e-01 2.755e-01 2.710e-03 7.399e-04 6.720e-03 -1.000 1.527e-02 0.237 3.277 3.868 2.670
0.0152 0.01508 6.50000 2.7479596138 2.5906693935    2.748  1.787  4.0296  4.160    0  0.000  0.538     0.00     0.00     0.00     0.00     0.00 -1    -1e-30      0.00 7.092e-01 2.755e-01 2.710e-03 7.399e-04 6.720e-03 -1.000 1.527e-02 0.302 3.330 3.922 2.722
0.0152 0.01508 6.50000 2.7661144733 2.5910382271    2.767  1.770  4.0282  4.174    0  0.000  0.538     0.00     0.00     0.00     0.00     0.00 -1    -1e-30      0.00 7.092e-01 2.755e-01 2.710e-03 7.399e-04 6.720e-03 -1.000 1.527e-02 0.344 3.366 3.958 2.756
0.0152 0.01508 6.50000 2.8000001907 2.5917119980    2.800  1.759  4.0284  4.192    0  0.000  0.538     0.00     0.00     0.00     0.00     0.00 -1    -1e-30      0.00 7.092e-01 2.755e-01 2.710e-03 7.399e-04 6.720e-03 -1.000 1.527e-02 0.374 3.396 3.989 2.787
0.0152 0.01508 6.50000 2.8013422489 2.5917382240    2.802  1.758  4.0284  4.193    0  0.000  0.538     0.00     0.00     0.00     0.00     0.00 -1    -1e-30      0.00 7.092e-01 2.755e-01 2.710e-03 7.399e-04 6.720e-03 -1.000 1.527e-02 0.375 3.398 3.990 2.788
0.0152 0.01508 6.50000 2.8144366741 2.5919933319    2.815  1.770  4.0315  4.195    0  0.000  0.538     0.00     0.00     0.00     0.00     0.00 -1    -1e-30      0.00 7.092e-01 2.755e-01 2.710e-03 7.399e-04 6.720e-03 -1.000 1.527e-02 0.344 3.382 3.973 2.775
0.0152 0.01508 6.50000 2.8643181324 2.5929403305    2.865  1.837  4.0488  4.205    0  0.000  0.538     0.00     0.00     0.00     0.00     0.00 -1    -1e-30      0.00 7.092e-01 2.755e-01 2.710e-03 7.399e-04 6.720e-03 -1.000 1.527e-02 0.177 3.301 3.885 2.707
0.0152 0.01508 6.50000 2.8945245743 2.5934956074    2.895  1.890  4.0638  4.217    0  0.000  0.538     0.00     0.00     0.00     0.00     0.00 -1    -1e-30      0.00 7.092e-01 2.755e-01 2.710e-03 7.399e-04 6.720e-03 -1.000 1.527e-02 0.046 3.246 3.825 2.662
0.0152 0.01508 6.50000 2.9163122177 2.5938880444    2.917  1.931  4.0768  4.230    0  0.000  0.538     0.00     0.00     0.00     0.00     0.00 -1    -1e-30      0.00 7.092e-01 2.755e-01 2.710e-03 7.399e-04 6.720e-03 -1.000 1.527e-02 -0.059 3.210 3.784 2.634
0.0152 0.01508 6.50000 2.9336361885 2.5941951275    2.934  1.963  4.0875  4.245    0  0.000  0.538     0.00     0.00     0.00     0.00     0.00 -1    -1e-30      0.00 7.092e-01 2.755e-01 2.710e-03 7.399e-04 6.720e-03 -1.000 1.527e-02 -0.137 3.188 3.758 2.619
0.0152 0.01508 6.50000 2.9488904476 2.5944623947    2.949  1.986  4.0962  4.259    0  0.000  0.538     0.00     0.00     0.00     0.00     0.00 -1    -1e-30      0.00 7.092e-01 2.755e-01 2.710e-03 7.399e-04 6.720e-03 -1.000 1.527e-02 -0.194 3.178 3.746 2.613
0.0152 0.01508 6.50000 2.9702534676 2.5948309898    2.970  2.003  4.1051  4.280    0  0.000  0.538     0.00     0.00     0.00     0.00     0.00 -1    -1e-30      0.00 7.092e-01 2.755e-01 2.710e-03 7.399e-04 6.720e-03 -1.000 1.527e-02 -0.237 3.183 3.749 2.624
0.0152 0.01508 6.50000 3.0000000000 2.5953342915    3.000  2.003  4.1112  4.309    0  0.000  0.538     0.00     0.00     0.00     0.00     0.00 -1    -1e-30      0.00 7.092e-01 2.755e-01 2.710e-03 7.399e-04 6.720e-03 -1.000 1.527e-02 -0.236 3.218 3.781 2.662
0.0152 0.01508 6.50000 3.0181267262 2.5956354141    3.018  2.002  4.1148  4.327    0  0.000  0.538     0.00     0.00     0.00     0.00     0.00 -1    -1e-30      0.00 7.092e-01 2.755e-01 2.710e-03 7.399e-04 6.720e-03 -1.000 1.527e-02 -0.235 3.239 3.802 2.686
0.0152 0.01508 6.50000 3.0520627499 2.5961883068    3.052  1.989  4.1156  4.348    0  0.000  0.538     0.00     0.00     0.00     0.00     0.00 -1    -1e-30      0.00 7.092e-01 2.755e-01 2.710e-03 7.399e-04 6.720e-03 -1.000 1.527e-02 -0.202 3.277 3.839 2.724
0.0152 0.01508 6.50000 3.1133568287 2.5971515179    3.113  1.999  4.1181  4.357    0  0.000  0.538     0.00     0.00     0.00     0.00     0.00 -1    -1e-30      0.00 7.092e-01 2.755e-01 2.710e-03 7.399e-04 6.720e-03 -1.000 1.527e-02 -0.227 3.265 3.827 2.714
0.0152 0.01508 6.50000 3.1947343349 2.5983650684    3.194  2.023  4.1227  4.362    0  0.000  0.538     0.00     0.00     0.00     0.00     0.00 -1    -1e-30      0.00 7.092e-01 2.755e-01 2.710e-03 7.399e-04 6.720e-03 -1.000 1.527e-02 -0.289 3.230 3.790 2.681
0.0152 0.01508 6.50000 3.2000000477 2.5984411240    3.199  2.026  4.1232  4.362    0  0.000  0.538     0.00     0.00     0.00     0.00     0.00 -1    -1e-30      0.00 7.092e-01 2.755e-01 2.710e-03 7.399e-04 6.720e-03 -1.000 1.527e-02 -0.296 3.226 3.786 2.677
0.0152 0.01508 6.50000 3.4000000954 2.6011312008    3.398  2.125  4.1406  4.358    0  0.000  0.538     0.00     0.00     0.00     0.00     0.00 -1    -1e-30      0.00 7.092e-01 2.755e-01 2.710e-03 7.399e-04 6.720e-03 -1.000 1.527e-02 -0.544 3.075 3.630 2.537
0.0152 0.01508 6.50000 3.6000001431 2.6034805775    3.598  2.218  4.1568  4.355    0  0.000  0.538     0.00     0.00     0.00     0.00     0.00 -1    -1e-30      0.00 7.092e-01 2.755e-01 2.710e-03 7.399e-04 6.720e-03 -1.000 1.527e-02 -0.776 2.936 3.485 2.406
0.0152 0.01508 6.50000 3.8000001907 2.6055479050    3.798  2.306  4.1719  4.351    0  0.000  0.538     0.00     0.00     0.00     0.00     0.00 -1    -1e-30      0.00 7.092e-01 2.755e-01 2.710e-03 7.399e-04 6.720e-03 -1.000 1.527e-02 -0.996 2.803 3.348 2.281
0.0152 0.01508 6.50000 4.0000000000 2.6073791981    4.001  2.388  4.1860  4.348    0  0.000  0.538     0.00     0.00     0.00     0.00     0.00 -1    -1e-30      0.00 7.092e-01 2.755e-01 2.710e-03 7.399e-04 6.720e-03 -1.000 1.527e-02 -1.201 2.680 3.221 2.167
0.0152 0.01508 6.50000 4.1999998093 2.6090114117    4.198  2.467  4.1994  4.344    0  0.000  0.538     0.00     0.00     0.00     0.00     0.00 -1    -1e-30      0.00 7.092e-01 2.755e-01 2.710e-03 7.399e-04 6.720e-03 -1.000 1.527e-02 -1.397 2.563 3.100 2.057
0.0152 0.01508 6.50000 4.4000000954 2.6104743481    4.397  2.541  4.2117  4.339    0  0.000  0.538     0.00     0.00     0.00     0.00     0.00 -1    -1e-30      0.00 7.092e-01 2.755e-01 2.710e-03 7.399e-04 6.720e-03 -1.000 1.527e-02 -1.581 2.451 2.984 1.951
0.0152 0.01508 6.50000 4.5999999046 2.6117916107    4.597  2.611  4.2235  4.335    0  0.000  0.538     0.00     0.00     0.00     0.00     0.00 -1    -1e-30      0.00 7.092e-01 2.755e-01 2.710e-03 7.399e-04 6.720e-03 -1.000 1.527e-02 -1.757 2.344 2.874 1.851
0.0152 0.01508 6.50000 4.8000001907 2.6129837036    4.798  2.679  4.2348  4.332    1  0.000  0.538     0.00     0.00     0.00     0.00     0.00 -1    -1e-30      0.00 7.092e-01 2.755e-01 2.710e-03 7.399e-04 6.720e-03 -1.000 1.527e-02 -1.926 2.242 2.768 1.755
0.0152 0.01508 6.50000 5.0000000000 2.6140668392    4.999  2.742  4.2449  4.327    1  0.000  0.538     0.00     0.00     0.00     0.00     0.00 -1    -1e-30      0.00 7.092e-01 2.755e-01 2.710e-03 7.399e-04 6.720e-03 -1.000 1.527e-02 -2.084 2.144 2.667 1.663
0.0152 0.01508 6.50000 5.1999998093 2.6150546074    5.200  2.803  4.2547  4.322    1  0.000  0.538     0.00     0.00     0.00     0.00     0.00 -1    -1e-30      0.00 7.092e-01 2.755e-01 2.710e-03 7.399e-04 6.720e-03 -1.000 1.527e-02 -2.237 2.048 2.569 1.573
0.0152 0.01508 6.50000 5.3999996185 2.6159586906    5.401  2.861  4.2643  4.318    0  0.000  0.538     0.00     0.00     0.00     0.00     0.00 -1    -1e-30      0.00 7.092e-01 2.755e-01 2.710e-03 7.399e-04 6.720e-03 -1.000 1.527e-02 -2.384 1.958 2.476 1.488
0.0152 0.01508 6.50000 5.5999994278 2.6167888641    5.601  2.918  4.2737  4.315    1  0.000  0.538     0.00     0.00     0.00     0.00     0.00 -1    -1e-30      0.00 7.092e-01 2.755e-01 2.710e-03 7.399e-04 6.720e-03 -1.000 1.527e-02 -2.525 1.871 2.386 1.407
0.0152 0.01508 6.50000 5.8000001907 2.6175537109    5.801  2.972  4.2821  4.310    1  0.000  0.538     0.00     0.00     0.00     0.00     0.00 -1    -1e-30      0.00 7.092e-01 2.755e-01 2.710e-03 7.399e-04 6.720e-03 -1.000 1.527e-02 -2.659 1.785 2.298 1.326
0.0152 0.01508 6.50000 6.0000000000 2.6182601452    6.000  3.024  4.2900  4.305    1  0.000  0.538     0.00     0.00     0.00     0.00     0.00 -1    -1e-30      0.00 7.092e-01 2.755e-01 2.710e-03 7.399e-04 6.720e-03 -1.000 1.527e-02 -2.789 1.702 2.212 1.247
0.0152 0.01508 6.50000 6.1999998093 2.6189143658    6.200  3.074  4.2983  4.301    0  0.000  0.538     0.00     0.00     0.00     0.00     0.00 -1    -1e-30      0.00 7.092e-01 2.755e-01 2.710e-03 7.399e-04 6.720e-03 -1.000 1.527e-02 -2.915 1.623 2.131 1.173
0.0152 0.01508 6.50000 6.4000000954 2.6195218563    6.399  3.122  4.3056  4.296    1  0.000  0.538     0.00     0.00     0.00     0.00     0.00 -1    -1e-30      0.00 7.092e-01 2.755e-01 2.710e-03 7.399e-04 6.720e-03 -1.000 1.527e-02 -3.035 1.545 2.051 1.099
0.0152 0.01508 6.50000 7.0000000000 2.6211071014    6.996  3.257  4.3263  4.283    1  0.000  0.538     0.00     0.00     0.00     0.00     0.00 -1    -1e-30      0.00 7.092e-01 2.755e-01 2.710e-03 7.399e-04 6.720e-03 -1.000 1.527e-02 -3.373 1.325 1.826 0.890
0.0152 0.01508 6.50000 7.3853807449 2.6219706535    7.383  3.337  4.3387  4.276    1  0.000  0.538     0.00     0.00     0.00     0.00     0.00 -1    -1e-30      0.00 7.092e-01 2.755e-01 2.710e-03 7.399e-04 6.720e-03 -1.000 1.527e-02 -3.573 1.195 1.692 0.767
0.0152 0.01508 6.50000 8.0000000000 2.6231517792    8.001  3.457  4.3571  4.265    1  0.000  0.538     0.00     0.00     0.00     0.00     0.00 -1    -1e-30      0.00 7.092e-01 2.755e-01 2.710e-03 7.399e-04 6.720e-03 -1.000 1.527e-02 -3.872 0.997 1.490 0.579
0.0152 0.01508 6.50000 8.1873950958 2.6234717369    8.187  3.491  4.3622  4.261    1  0.000  0.538     0.00     0.00     0.00     0.00     0.00 -1    -1e-30      0.00 7.092e-01 2.755e-01 2.710e-03 7.399e-04 6.720e-03 -1.000 1.527e-02 -3.957 0.940 1.431 0.524
0.0152 0.01508 6.50000 9.0000000000 2.6246831417    8.995  3.630  4.3832  4.246    1  0.000  0.538     0.00     0.00     0.00     0.00     0.00 -1    -1e-30      0.00 7.092e-01 2.755e-01 2.710e-03 7.399e-04 6.720e-03 -1.000 1.527e-02 -4.306 0.706 1.192 0.301
0.0152 0.01508 6.50000 10.0000000000 2.6258678436    9.998  3.784  4.4058  4.229    1  0.000  0.538     0.00     0.00     0.00     0.00     0.00 -1    -1e-30      0.00 7.092e-01 2.755e-01 2.710e-03 7.399e-04 6.720e-03 -1.000 1.527e-02 -4.690 0.444 0.925 0.049
0.0152 0.01508 6.50000 10.3718166351 2.6262419224   10.371  3.836  4.4134  4.223    1  0.000  0.538     0.00     0.00     0.00     0.00     0.00 -1    -1e-30      0.00 7.092e-01 2.755e-01 2.710e-03 7.399e-04 6.720e-03 -1.000 1.527e-02 -4.820 0.354 0.832 -0.038
0.0152 0.01508 6.50000 11.0000000000 2.6268081665   11.001  3.921  4.4257  4.213    1  0.000  0.538     0.00     0.00     0.00     0.00     0.00 -1    -1e-30      0.00 7.092e-01 2.755e-01 2.710e-03 7.399e-04 6.720e-03 -1.000 1.527e-02 -5.032 0.206 0.682 -0.179
0.0152 0.01508 6.50000 12.0000000000 2.6275708675   12.001  4.045  4.4433  4.198    1  0.000  0.538     0.00     0.00     0.00     0.00     0.00 -1    -1e-30      0.00 7.092e-01 2.755e-01 2.710e-03 7.399e-04 6.720e-03 -1.000 1.527e-02 -5.341 -0.014 0.457 -0.389
0.0152 0.01508 6.50000 13.1856155396 2.6283047199   13.175  4.175  4.4614  4.180    1  0.000  0.542     0.00     0.00     0.00     0.00     0.00 -1 -1.49e-17      0.00 7.092e-01 2.755e-01 2.732e-03 7.405e-04 6.719e-03 -1.000 1.527e-02 -5.668 -0.253 0.214 -0.618
0.0152 0.01508 6.50000 14.0000000000 2.6287269592   13.982  4.259  4.4728  4.168    0  0.000  0.545     0.00     0.00     0.00     0.00     0.00 -1 -3.67e-09      0.00 7.092e-01 2.755e-01 2.746e-03 7.408e-04 6.719e-03 -1.000 1.527e-02 -5.877 -0.409 0.054 -0.769
0.0152 0.01508 6.50000 15.3952503204 2.6293325424   15.373  4.388  4.4899  4.149    0  0.000  0.545     0.00     0.00     0.00     0.00     0.00 -1 -7.17e-09      0.00 7.092e-01 2.755e-01 2.746e-03 7.408e-04 6.719e-03 -1.000 1.527e-02 -6.200 -0.654 -0.194 -1.006
0.0152 0.01508 6.50000 16.0000000000 2.6295573711   15.976  4.441  4.4968  4.140    0  0.000  0.545     0.00     0.00     0.00     0.00     0.00 -1 -9.41e-09      0.00 7.092e-01 2.755e-01 2.746e-03 7.408e-04 6.719e-03 -1.000 1.527e-02 -6.332 -0.754 -0.295 -1.104
0.0152 0.01508 6.50000 16.2305107117 2.6296381950   16.202  4.459  4.4992  4.137    0  0.000  0.545     0.00     0.00     0.00     0.00     0.00 -1 -1.03e-08      0.00 7.092e-01 2.755e-01 2.746e-03 7.408e-04 6.719e-03 -1.000 1.527e-02 -6.379 -0.790 -0.332 -1.139
0.0152 0.01508 6.50000 17.7571163177 2.6301124096   17.696  4.579  4.5138  4.114    0  0.000  0.545     0.00     0.00     0.00     0.00     0.00 -1 -1.86e-08      0.00 7.092e-01 2.755e-01 2.746e-03 7.408e-04 6.719e-03 -1.000 1.527e-02 -6.677 -1.017 -0.561 -1.363
0.0152 0.01508 6.50000 18.0000000000 2.6301794052   17.936  4.597  4.5160  4.111    0  0.000  0.545     0.00     0.00     0.00     0.00     0.00 -1 -2.04e-08      0.00 7.092e-01 2.755e-01 2.746e-03 7.408e-04 6.719e-03 -1.000 1.527e-02 -6.723 -1.052 -0.596 -1.398
0.0152 0.01508 6.50000 19.2029895782 2.6304824352   19.116  4.681  4.5257  4.094    0  0.000  0.545     0.00     0.00     0.00     0.00     0.00 -1 -3.04e-08      0.00 7.092e-01 2.755e-01 2.746e-03 7.408e-04 6.719e-03 -1.000 1.527e-02 -6.932 -1.210 -0.755 -1.555
0.0152 0.01508 6.50000 20.0000000000 2.6306605339   19.897  4.734  4.5317  4.082    0  0.000  0.545     0.00     0.00     0.00     0.00     0.00 -1 -3.89e-08      0.00 7.092e-01 2.755e-01 2.746e-03 7.408e-04 6.719e-03 -1.000 1.527e-02 -7.064 -1.309 -0.855 -1.654
0.0152 0.01508 6.50000 20.7347240448 2.6308107376   20.608  4.778  4.5365  4.072    0  0.000  0.545     0.00     0.00     0.00     0.00     0.00 -1 -4.74e-08      0.00 7.092e-01 2.755e-01 2.746e-03 7.408e-04 6.719e-03 -1.000 1.527e-02 -7.175 -1.394 -0.939 -1.738
0.0152 0.01508 6.50000 22.3866672516 2.6311073303   22.199  4.873  4.5462  4.048    0  0.000  0.545     0.00     0.00     0.00     0.00     0.00 -1 -7.31e-08      0.00 7.092e-01 2.755e-01 2.746e-03 7.408e-04 6.719e-03 -1.000 1.527e-02 -7.412 -1.572 -1.118 -1.916
0.0152 0.01508 6.50000 24.0000000000 2.6313521862   23.739  4.960  4.5545  4.024    0  0.000  0.545     0.00     0.00     0.00     0.00     0.00 -1 -1.09e-07      0.00 7.092e-01 2.755e-01 2.746e-03 7.408e-04 6.719e-03 -1.000 1.527e-02 -7.629 -1.736 -1.283 -2.081
0.0152 0.01508 6.50000 24.9583301544 2.6314804554   24.633  5.005  4.5584  4.010    0  0.000  0.545     0.00     0.00     0.00     0.00     0.00 -1 -1.32e-07      0.00 7.092e-01 2.755e-01 2.746e-03 7.408e-04 6.719e-03 -1.000 1.527e-02 -7.743 -1.825 -1.372 -2.170
0.0152 0.01508 6.50000 26.7590351105 2.6316931248   26.296  5.087  4.5646  3.981    0  0.000  0.545     0.00     0.00     0.00     0.00     0.00 -1 -1.88e-07      0.00 7.092e-01 2.755e-01 2.746e-03 7.408e-04 6.719e-03 -1.000 1.527e-02 -7.948 -1.988 -1.536 -2.333
0.0152 0.01508 6.50000 28.0000000000 2.6318216324   27.433  5.141  4.5682  3.960    0  0.000  0.545     0.00     0.00     0.00     0.00     0.00 -1 -2.37e-07      0.00 7.092e-01 2.755e-01 2.746e-03 7.408e-04 6.719e-03 -1.000 1.527e-02 -8.081 -2.098 -1.645 -2.442
0.0152 0.01508 6.50000 29.8377666473 2.6319894791   29.079  5.212  4.5718  3.929    0  0.000  0.545     0.00     0.00     0.00     0.00     0.00 -1  -3.2e-07      0.00 7.092e-01 2.755e-01 2.746e-03 7.408e-04 6.719e-03 -1.000 1.527e-02 -8.260 -2.251 -1.799 -2.595
0.0152 0.01508 6.50000 30.0000000000 2.6320033073   29.227  5.218  4.5720  3.926    0  0.000  0.545     0.00     0.00     0.00     0.00     0.00 -1 -3.28e-07      0.00 7.092e-01 2.755e-01 2.746e-03 7.408e-04 6.719e-03 -1.000 1.527e-02 -8.276 -2.265 -1.813 -2.609
0.0152 0.01508 6.50000 31.3330936432 2.6321096420   30.399  5.265  4.5736  3.903    0  0.000  0.545     0.00     0.00     0.00     0.00     0.00 -1 -3.98e-07      0.00 7.092e-01 2.755e-01 2.746e-03 7.408e-04 6.719e-03 -1.000 1.527e-02 -8.392 -2.371 -1.919 -2.714
0.0152 0.01508 6.50000 33.3277854919 2.6322505474   32.125  5.331  4.5750  3.866    0  0.000  0.545     0.00     0.00     0.00     0.00     0.00 -1  -5.2e-07      0.00 7.092e-01 2.755e-01 2.746e-03 7.408e-04 6.719e-03 -1.000 1.527e-02 -8.558 -2.527 -2.075 -2.870
0.0152 0.01508 6.50000 35.0000000000 2.6323544979   33.546  5.384  4.5751  3.832    0  0.000  0.545     0.00     0.00     0.00     0.00     0.00 -1 -6.41e-07      0.00 7.092e-01 2.755e-01 2.746e-03 7.408e-04 6.719e-03 -1.000 1.527e-02 -8.690 -2.658 -2.207 -3.002
0.0152 0.01508 6.50000 36.6190757751 2.6324450970   34.882  5.430  4.5738  3.798    0  0.000  0.545     0.00     0.00     0.00     0.00     0.00 -1 -7.62e-07      0.00 7.092e-01 2.755e-01 2.746e-03 7.408e-04 6.719e-03 -1.000 1.527e-02 -8.804 -2.782 -2.330 -3.125
0.0152 0.01508 6.50000 38.8675956726 2.6325562000   36.694  5.490  4.5704  3.746    0  0.000  0.545     0.00     0.00     0.00     0.00     0.00 -1 -9.58e-07      0.00 7.092e-01 2.755e-01 2.746e-03 7.408e-04 6.719e-03 -1.000 1.527e-02 -8.955 -2.956 -2.504 -3.300
0.0152 0.01508 6.50000 40.0000000000 2.6326069832   37.592  5.519  4.5683  3.719    0  0.000  0.545     0.00     0.00     0.00     0.00     0.00 -1 -1.07e-06      0.00 7.092e-01 2.755e-01 2.746e-03 7.408e-04 6.719e-03 -1.000 1.527e-02 -9.028 -3.043 -2.591 -3.387
0.0152 0.01508 6.50000 40.3857231140 2.6326234341   37.894  5.528  4.5675  3.710    0  0.000  0.545     0.00     0.00     0.00     0.00     0.00 -1 -1.11e-06      0.00 7.092e-01 2.755e-01 2.746e-03 7.408e-04 6.719e-03 -1.000 1.527e-02 -9.051 -3.072 -2.620 -3.416
0.0152 0.01508 6.50000 43.7529602051 2.6327533722   40.468  5.605  4.5574  3.621    0  0.000  0.545     0.00     0.00     0.00     0.00     0.00 -1 -1.43e-06      0.00 7.092e-01 2.755e-01 2.746e-03 7.408e-04 6.719e-03 -1.000 1.527e-02 -9.244 -3.332 -2.879 -3.678
0.0152 0.01508 6.50000 45.0000000000 2.6327958107   41.396  5.633  4.5522  3.583    0  0.000  0.545     0.00     0.00     0.00     0.00     0.00 -1 -1.55e-06      0.00 7.092e-01 2.755e-01 2.746e-03 7.408e-04 6.719e-03 -1.000 1.527e-02 -9.312 -3.435 -2.981 -3.780
0.0152 0.01508 6.50000 46.9798011780 2.6328580379   42.831  5.673  4.5428  3.520    0  0.000  0.545     0.00     0.00     0.00     0.00     0.00 -1 -1.74e-06      0.00 7.092e-01 2.755e-01 2.746e-03 7.408e-04 6.719e-03 -1.000 1.527e-02 -9.412 -3.594 -3.140 -3.940
0.0152 0.01508 6.50000 49.0040969849 2.6329157352   44.270  5.712  4.5308  3.447    0  0.000  0.545     0.00     0.00     0.00     0.00     0.00 -1 -1.91e-06      0.00 7.092e-01 2.755e-01 2.746e-03 7.408e-04 6.719e-03 -1.000 1.527e-02 -9.510 -3.765 -3.310 -4.111
0.0152 0.01508 6.50000 50.0000000000 2.6329421997   44.966  5.731  4.5240  3.408    0  0.000  0.545     0.00     0.00     0.00     0.00     0.00 -1 -1.98e-06      0.00 7.092e-01 2.755e-01 2.746e-03 7.408e-04 6.719e-03 -1.000 1.527e-02 -9.557 -3.851 -3.395 -4.197
0.0152 0.01508 6.50000 51.1614646912 2.6329712868   45.770  5.752  4.5154  3.361    0  0.000  0.545     0.00     0.00     0.00     0.00     0.00 -1 -2.04e-06      0.00 7.092e-01 2.755e-01 2.746e-03 7.408e-04 6.719e-03 -1.000 1.527e-02 -9.609 -3.949 -3.493 -4.296
0.0152 0.01508 6.50000 52.9472846985 2.6330134869   46.997  5.782  4.5005  3.282    0  0.000  0.545     0.00     0.00     0.00     0.00     0.00 -1 -2.07e-06      0.00 7.092e-01 2.755e-01 2.746e-03 7.408e-04 6.719e-03 -1.000 1.527e-02 -9.686 -4.120 -3.661 -4.476
0.0152 0.01508 6.50000 54.7167434692 2.6330521107   48.205  5.812  4.4841  3.197    0  0.000  0.545     0.00     0.00     0.00     0.00     0.00 -1 -2.05e-06      0.00 7.092e-01 2.755e-01 2.746e-03 7.408e-04 6.719e-03 -1.000 1.527e-02 -9.761 -4.299 -3.837 -4.665
0.0152 0.01508 6.50000 55.0000000000 2.6330580711   48.397  5.817  4.4813  3.183    0  0.000  0.545     0.00     0.00     0.00     0.00     0.00 -1 -2.04e-06      0.00 7.092e-01 2.755e-01 2.746e-03 7.408e-04 6.719e-03 -1.000 1.527e-02 -9.772 -4.328 -3.864 -4.694
0.0152 0.01508 6.50000 56.1958427429 2.6330823898   49.211  5.836  4.4688  3.121    0  0.000  0.545     0.00     0.00     0.00     0.00     0.00 -1 -1.98e-06      0.00 7.092e-01 2.755e-01 2.746e-03 7.408e-04 6.719e-03 -1.000 1.527e-02 -9.820 -4.437 -3.972 -4.805
0.0152 0.01508 6.50000 57.7950363159 2.6331131458   50.303  5.861  4.4500  3.030    0  0.000  0.545     0.00     0.00     0.00     0.00     0.00 -1 -1.84e-06      0.00 7.092e-01 2.755e-01 2.745e-03 7.408e-04 6.719e-03 -1.000 1.527e-02 -9.883 -4.587 -4.120 -4.961
0.0152 0.01508 6.50000 59.1189727783 2.6331369877   51.200  5.882  4.4325  2.947    0  0.000  0.545     0.00     0.00     0.00     0.00     0.00 -1 -1.82e-06      0.00 7.092e-01 2.755e-01 2.745e-03 7.408e-04 6.719e-03 -1.000 1.527e-02 -9.934 -4.730 -4.259 -5.114
0.0152 0.01508 6.50000 60.0000000000 2.6331522465   51.742  5.895  4.4194  2.886    0  0.000  0.545     0.00     0.00     0.00     0.00     0.00 -1 -2.35e-06      0.00 7.092e-01 2.755e-01 2.745e-03 7.409e-04 6.719e-03 -1.000 1.527e-02 -9.967 -4.852 -4.375 -5.248
0.0152 0.01508 6.50000 61.0129165649 2.6331691742   52.112  5.908  4.4025  2.809    0  0.000  0.524     0.00     0.00     0.00     0.00     0.00 -1 -5.42e-06      0.00 7.078e-01 2.770e-01 2.624e-03 1.057e-03 6.519e-03 -1.000 1.527e-02 -10.001 -4.986 -4.505 -5.393
0.0152 0.01508 6.50000 62.2961006165 2.6331896782   52.351  5.924  4.3787  2.700    0  0.000  0.499     0.00     0.00     0.00     0.00     0.00 -1 -9.13e-06      0.00 7.041e-01 2.806e-01 2.448e-03 1.554e-03 6.187e-03 -1.000 1.525e-02 -10.040 -5.141 -4.655 -5.557
0.0152 0.01508 6.50000 63.2883987427 2.6332049370   52.366  5.936  4.3586  2.607    0  0.000  0.485     0.00     0.00     0.00     0.00     0.00 -1 -2.08e-05      0.00 6.999e-01 2.849e-01 2.322e-03 1.942e-03 5.912e-03 -1.000 1.524e-02 -10.070 -5.272 -4.782 -5.698
0.0152 0.01508 6.50000 64.1385040283 2.6332175732   52.302  5.946  4.3402  2.524    0  0.000  0.475     0.00     0.00     0.00     0.00     0.00 -1 -2.09e-05      0.00 6.953e-01 2.895e-01 2.215e-03 2.291e-03 5.654e-03 -1.000 1.522e-02 -10.094 -5.392 -4.898 -5.825
0.0152 0.01508 6.50000 64.8455734253 2.6332278252   52.246  5.954  4.3247  2.453    0  0.000  0.469     0.00     0.00     0.00     0.00     0.00 -1  -2.1e-05      0.00 6.909e-01 2.939e-01 2.127e-03 2.592e-03 5.426e-03 -1.000 1.521e-02 -10.114 -5.493 -4.994 -5.932
0.0152 0.01508 6.50000 65.0000000000 2.6332299709   52.235  5.955  4.3212  2.437    0  0.000  0.468     0.00     0.00     0.00     0.00     0.00 -1  -2.1e-05      0.00 6.898e-01 2.950e-01 2.108e-03 2.659e-03 5.374e-03 -1.000 1.521e-02 -10.119 -5.515 -5.016 -5.956
0.0152 0.01508 6.50000 65.4734954834 2.6332366467   52.189  5.961  4.3112  2.391    0  0.000  0.436     0.00     0.00     0.00     0.00     0.00 -1 -2.11e-05      0.00 6.854e-01 2.994e-01 1.908e-03 3.183e-03 5.045e-03 -1.000 1.520e-02 -10.133 -5.581 -5.079 -6.027
0.0152 0.01508 6.50000 66.0378799438 2.6332442760   52.130  5.968  4.3004  2.341    0  0.000  0.400     0.00     0.00     0.00     0.00     0.00 -1 -2.12e-05      0.00 6.792e-01 3.056e-01 1.672e-03 3.867e-03 4.582e-03 -1.000 1.518e-02 -10.149 -5.657 -5.152 -6.109
0.0152 0.01508 6.50000 66.6000442505 2.6332519054   52.066  5.974  4.2911  2.297    0  0.000  0.367     0.00     0.00     0.00     0.00     0.00 -1 -2.15e-05      0.00 6.718e-01 3.130e-01 1.439e-03 4.612e-03 4.044e-03 -1.000 1.514e-02 -10.165 -5.731 -5.223 -6.193
0.0152 0.01508 6.50000 67.1624069214 2.6332592964   51.765  5.980  4.2895  2.282    0  0.000  0.353     0.00     0.00     0.00     0.00     0.00 -1 -2.22e-05      0.00 6.579e-01 3.270e-01 1.210e-03 5.522e-03 3.313e-03 -1.000 1.512e-02 -10.180 -5.755 -5.247 -6.219
0.0152 0.01508 6.50000 67.4604797363 2.6332633495   51.585  5.983  4.2869  2.267    0  0.000  0.338     0.00     0.00     0.00     0.00     0.00 -1 -2.95e-05      0.00 6.516e-01 3.333e-01 1.038e-03 5.998e-03 3.000e-03 -1.000 1.511e-02 -10.187 -5.779 -5.270 -6.246
0.0152 0.01508 6.50000 67.5601196289 2.6332645416   51.491  5.984  4.2877  2.269    0  0.000  0.292     0.00     0.00     0.00     0.00     0.00 -1 -3.06e-05      0.00 6.480e-01 3.368e-01 7.497e-04 6.683e-03 2.612e-03 -1.000 1.512e-02 -10.189 -5.777 -5.267 -6.243
0.0152 0.01508 6.50000 67.6460571289 2.6332657337   51.377  5.984  4.2873  2.266    0  0.000  0.292     0.00     0.00     0.00     0.00     0.00 -1 -2.89e-05      0.00 6.454e-01 3.395e-01 7.252e-04 6.853e-03 2.449e-03 -1.000 1.509e-02 -10.191 -5.781 -5.271 -6.247
0.0152 0.01508 6.50000 67.8178634644 2.6332678795   51.191  5.986  4.2869  2.261    0  0.000  0.294     0.00     0.00     0.00     0.00     0.00 -1 -4.17e-05      0.00 6.407e-01 3.442e-01 6.757e-04 7.106e-03 2.225e-03 -1.000 1.507e-02 -10.195 -5.787 -5.278 -6.254
0.0152 0.01508 6.50000 68.5599365234 2.6332774162   50.361  5.993  4.3080  2.331    0  0.000  0.269     0.00     0.00     0.00     0.00     0.00 -1 -3.61e-05      0.00 6.050e-01 3.801e-01 8.757e-05 9.226e-03 6.089e-04 -1.000 1.497e-02 -10.212 -5.678 -5.175 -6.126
0.0152 0.01508 6.50000 69.7714920044 2.6332921982   50.219  6.007  4.3128  2.335    0  0.000  0.408     0.00     0.00     0.00     0.00     0.00 -1 -2.81e-05      0.00 5.735e-01 4.115e-01 9.012e-05 9.447e-03 3.537e-04 -1.000 1.494e-02 -10.247 -5.687 -5.186 -6.132
0.0152 0.01508 6.50000 70.0000000000 2.6332950592   50.211  6.009  4.3134  2.335    0  0.000  0.434     0.00     0.00     0.00     0.00     0.00 -1 -2.86e-05      0.00 5.680e-01 4.170e-01 9.045e-05 9.471e-03 3.261e-04 -1.000 1.494e-02 -10.254 -5.691 -5.190 -6.136
0.0152 0.01508 6.50000 71.5057220459 2.6333124638   49.866  6.024  4.3307  2.387    0  0.000  0.604     0.00     0.00     0.00     0.00     0.00 -1 -2.75e-05      0.00 5.261e-01 4.590e-01 9.223e-05 9.569e-03 2.141e-04 -1.000 1.495e-02 -10.290 -5.637 -5.141 -6.074
0.0152 0.01508 6.50000 71.6667480469 2.6333143711   49.384  6.024  4.3481  2.452    0  0.000  0.687     0.00     0.00     0.00     0.00     0.00 -1 -2.86e-05      0.00 5.095e-01 4.756e-01 9.265e-05 9.597e-03 1.834e-04 -1.000 1.495e-02 -10.290 -5.548 -5.055 -5.978
0.0152 0.01508 6.50000 76.1869964600 2.6333620548   48.844  6.069  4.4092  2.647    0  0.000  0.921     0.00     0.00     0.00     0.00     0.00 -1 -1.25e-05      0.00 3.984e-01 5.866e-01 9.609e-05 9.638e-03 1.394e-04 -1.000 1.494e-02 -10.401 -5.355 -4.876 -5.761
0.0152 0.01508 6.50000 78.7877273560 2.6333866119   49.265  6.095  4.4331  2.720    0  0.000  0.966     0.00     0.00     0.00     0.00     0.00 -1 -8.48e-06      0.00 3.566e-01 6.285e-01 9.777e-05 9.641e-03 1.352e-04 -1.000 1.493e-02 -10.469 -5.260 -4.789 -5.643
0.0152 0.01508 6.50000 79.8328552246 2.6333959103   49.552  6.106  4.4397  2.737    0  0.000  0.979     0.00     0.00     0.00     0.00     0.00 -1 -6.02e-06      0.00 3.440e-01 6.410e-01 9.839e-05 9.641e-03 1.342e-04 -1.000 1.493e-02 -10.496 -5.248 -4.778 -5.626
0.0152 0.01508 6.50000 80.0000000000 2.6333973408   49.601  6.108  4.4406  2.740    0  0.000  0.981     0.00     0.00     0.00     0.00     0.00 -1 -5.96e-06      0.00 3.424e-01 6.427e-01 9.849e-05 9.641e-03 1.341e-04 -1.000 1.493e-02 -10.501 -5.248 -4.779 -5.625
0.0152 0.01508 6.50000 80.8502197266 2.6334047318   49.932  6.118  4.4418  2.738    0  0.000  0.989     0.00     0.00     0.00     0.00     0.00 -1 -6.26e-06      0.00 3.361e-01 6.489e-01 9.887e-05 9.643e-03 1.335e-04 -1.000 1.496e-02 -10.524 -5.266 -4.797 -5.643
0.0152 0.01508 6.50000 81.6681823730 2.6334116459   50.250  6.126  4.4439  2.740    0  0.000  0.996     0.00     0.00     0.00     0.00     0.00 -1 -6.61e-06      0.00 3.304e-01 6.547e-01 9.923e-05 9.644e-03 1.331e-04 -1.000 1.495e-02 -10.546 -5.279 -4.810 -5.655
0.0152 0.01508 6.50000 82.6392898560 2.6334197521   50.653  6.137  4.4461  2.742    0  0.000  1.004     0.00     0.00     0.00     0.00     0.00 -1 -7.03e-06      0.00 3.241e-01 6.609e-01 9.964e-05 9.644e-03 1.325e-04  4.811 1.493e-02 -10.573 -11.829 -12.562 -11.828
0.0152 0.01508 6.50000 83.8700408936 2.6334295273   51.223  6.151  4.4510  2.752    0  0.000  1.013     0.00     0.00     0.00     0.00     0.00 -1 -7.78e-06      0.00 3.182e-01 6.669e-01 1.001e-04 9.646e-03 1.320e-04  5.471 1.493e-02 -10.608 -11.889 -12.634 -11.879
0.0152 0.01508 6.50000 85.1804809570 2.6334397793   51.904  6.167  4.4675  2.808    0  0.000  1.020     0.00     0.00     0.00     0.00     0.00 -1 -9.65e-06      0.00 3.150e-01 6.701e-01 1.005e-04 9.646e-03 1.316e-04  5.685 1.494e-02 -10.649 -12.013 -12.800 -11.975
0.0152 0.01508 6.50000 85.3802642822 2.6334412098   52.012  6.171  4.4805  2.857    0  0.000  1.021     0.00     0.00     0.00     0.00     0.00 -1 -1.09e-05      0.00 3.148e-01 6.703e-01 1.006e-04 9.646e-03 1.315e-04  5.705 1.495e-02 -10.657 -12.088 -12.907 -12.026
0.0152 0.01508 6.50000 85.4916687012 2.6334421635   52.069  6.173  4.4939  2.909    0  0.000  1.021     0.00     0.00     0.00     0.00     0.00 -1 -1.23e-05      0.00 3.147e-01 6.704e-01 1.006e-04 9.646e-03 1.315e-04  5.715 1.496e-02 -10.664 -12.162 -13.015 -12.077
0.0152 0.01508 6.50000 85.5587539673 2.6334426403   52.102  6.176  4.5069  2.959    0  0.000  1.022     0.00     0.00     0.00     0.00     0.00 -1 -1.36e-05      0.00 3.146e-01 6.705e-01 1.006e-04 9.646e-03 1.315e-04  5.722 1.495e-02 -10.669 -12.234 -13.118 -12.125
0.0152 0.01508 6.50000 85.6013793945 2.6334428787   52.123  6.178  4.5197  3.008    0  0.000  1.022     0.00     0.00     0.00     0.00     0.00 -1  -1.5e-05      0.00 3.145e-01 6.705e-01 1.006e-04 9.646e-03 1.315e-04  5.726 1.493e-02 -10.674 -12.304 -13.220 -12.172
0.0152 0.01508 6.50000 85.6319351196 2.6334431171   52.136  6.180  4.5336  3.062    0  0.000  1.022     0.00     0.00     0.00     0.00     0.00 -1 -1.64e-05      0.00 3.145e-01 6.705e-01 1.006e-04 9.646e-03 1.315e-04  5.729 1.493e-02 -10.679 -12.380 -13.331 -12.224
0.0152 0.01508 6.50000 85.6477050781 2.6334433556   52.143  6.181  4.5443  3.103    0  0.000  1.022     0.00     0.00     0.00     0.00     0.00 -1 -1.74e-05      0.00 3.145e-01 6.706e-01 1.006e-04 9.646e-03 1.315e-04  5.731 1.493e-02 -10.683 -12.438 -13.415 -12.263
0.0152 0.01508 6.50000 85.6623611450 2.6334433556   52.149  6.184  4.5588  3.159    0  0.000  1.022     0.00     0.00     0.00     0.00     0.00 -1 -1.89e-05      0.00 3.145e-01 6.706e-01 1.006e-04 9.646e-03 1.315e-04  5.732 1.493e-02 -10.689 -12.517 -13.531 -12.317
0.0152 0.01508 6.50000 85.6722793579 2.6334435940   52.152  6.186  4.5720  3.209    0  0.000  1.022     0.00     0.00     0.00     0.00     0.00 -1 -2.02e-05      0.00 3.145e-01 6.706e-01 1.006e-04 9.646e-03 1.315e-04  5.733 1.494e-02 -10.694 -12.590 -13.636 -12.366
0.0152 0.01508 6.50000 85.6797637939 2.6334435940   52.155  6.188  4.5843  3.257    0  0.000  1.022     0.00     0.00     0.00     0.00     0.00 -1 -2.12e-05      0.00 3.145e-01 6.706e-01 1.007e-04 9.646e-03 1.315e-04  5.734 1.494e-02 -10.699 -12.657 -13.734 -12.411
0.0152 0.01508 6.50000 85.6874237061 2.6334435940   52.158  6.190  4.5979  3.309    0  0.000  1.022     0.00     0.00     0.00     0.00     0.00 -1 -2.23e-05      0.00 3.144e-01 6.706e-01 1.007e-04 9.646e-03 1.315e-04  5.734 1.494e-02 -10.705 -12.733 -13.843 -12.463
0.0152 0.01508 6.50000 85.6911468506 2.6334435940   52.160  6.191  4.6045  3.334    0  0.000  1.022     0.00     0.00     0.00     0.00     0.00 -1 -2.29e-05      0.00 3.144e-01 6.706e-01 1.007e-04 9.646e-03 1.315e-04  5.735 1.494e-02 -10.709 -12.769 -13.896 -12.488
0.0152 0.01508 6.50000 85.6946868896 2.6334435940   52.161  6.193  4.6103  3.356    0  0.000  1.022     0.00     0.00     0.00     0.00     0.00 -1 -2.33e-05      0.00 3.144e-01 6.706e-01 1.007e-04 9.646e-03 1.315e-04  5.735 1.494e-02 -10.711 -12.802 -13.943 -12.510
0.0152 0.01508 6.50000 85.7020034790 2.6334435940   52.163  6.195  4.6216  3.399    1  0.000  1.022     0.00     0.00     0.00     0.00     0.00 -1  -2.4e-05      0.00 3.144e-01 6.706e-01 1.007e-04 9.646e-03 1.315e-04  5.736 1.494e-02 -10.718 -12.865 -14.035 -12.553
0.0152 0.01508 6.50000 85.7109222412 2.6334438324   52.165  6.198  4.6340  3.445    1  0.000  1.022     0.00     0.00     0.00     0.00     0.00 -1 -2.47e-05      0.00 3.144e-01 6.706e-01 1.007e-04 9.646e-03 1.315e-04  5.736 1.494e-02 -10.725 -12.935 -14.136 -12.601
0.0152 0.01508 6.50000 85.7216873169 2.6334438324   52.168  6.201  4.6474  3.495    1  0.000  1.022     0.00     0.00     0.00     0.00     0.00 -1 -2.52e-05      0.00 3.144e-01 6.706e-01 1.007e-04 9.646e-03 1.315e-04  5.737 1.494e-02 -10.734 -13.012 -14.246 -12.654
0.0152 0.01508 6.50000 85.7333068848 2.6334438324   52.172  6.205  4.6599  3.542    1  0.000  1.022     0.00     0.00     0.00     0.00     0.00 -1 -2.55e-05      0.00 3.144e-01 6.706e-01 1.007e-04 9.646e-03 1.315e-04  5.738 1.494e-02 -10.742 -13.085 -14.350 -12.704
0.0152 0.01508 6.50000 85.7480316162 2.6334440708   52.176  6.209  4.6726  3.589    1  0.000  1.023     0.00     0.00     0.00     0.00     0.00 -1 -2.55e-05      0.00 3.144e-01 6.707e-01 1.007e-04 9.646e-03 1.315e-04  5.740 1.495e-02 -10.751 -13.158 -14.455 -12.755
0.0152 0.01508 6.50000 85.7859344482 2.6334443092   52.187  6.213  4.6775  3.604    1  0.000  1.023     0.00     0.00     0.00     0.00     0.00 -1 -2.57e-05      0.00 3.143e-01 6.707e-01 1.007e-04 9.646e-03 1.315e-04  5.743 1.495e-02 -10.763 -13.195 -14.504 -12.784
0.0152 0.01508 6.50000 85.7987594604 2.6334445477   52.190  6.214  4.6742  3.590    1  0.000  1.023     0.00     0.00     0.00     0.00     0.00 -1  -2.6e-05      0.00 3.143e-01 6.707e-01 1.007e-04 9.646e-03 1.315e-04  5.744 1.495e-02 -10.766 -13.181 -14.481 -12.775
0.0152 0.01508 6.50000 85.8060150146 2.6334445477   52.193  6.215  4.6719  3.580    1  0.000  1.023     0.00     0.00     0.00     0.00     0.00 -1 -2.61e-05      0.00 3.143e-01 6.707e-01 1.007e-04 9.646e-03 1.314e-04  5.745 1.495e-02 -10.767 -13.171 -14.465 -12.769
0.0152 0.01508 6.50000 85.8126983643 2.6334445477   52.194  6.216  4.6683  3.565    1  0.000  1.023     0.00     0.00     0.00     0.00     0.00 -1 -2.61e-05      0.00 3.143e-01 6.707e-01 1.007e-04 9.646e-03 1.314e-04  5.746 1.496e-02 -10.769 -13.154 -14.440 -12.759
0.0152 0.01508 6.50000 85.8193740845 2.6334445477   52.196  6.216  4.6623  3.540    1  0.000  1.023     0.00     0.00     0.00     0.00     0.00 -1 -2.63e-05      0.00 3.143e-01 6.708e-01 1.007e-04 9.646e-03 1.314e-04  5.746 1.495e-02 -10.771 -13.125 -14.395 -12.741
0.0152 0.01508 6.50000 85.8260650635 2.6334445477   52.198  6.217  4.6538  3.506    1  0.000  1.023     0.00     0.00     0.00     0.00     0.00 -1 -2.63e-05      0.00 3.143e-01 6.708e-01 1.007e-04 9.646e-03 1.314e-04  5.747 1.493e-02 -10.773 -13.084 -14.334 -12.715
0.0152 0.01508 6.50000 85.8293838501 2.6334445477   52.199  6.218  4.6479  3.482    1  0.000  1.023     0.00     0.00     0.00     0.00     0.00 -1 -2.65e-05      0.00 3.143e-01 6.708e-01 1.007e-04 9.646e-03 1.314e-04  5.747 1.493e-02 -10.774 -13.055 -14.290 -12.696
0.0152 0.01508 6.50000 85.8326950073 2.6334447861   52.200  6.218  4.6414  3.455    1  0.000  1.023     0.00     0.00     0.00     0.00     0.00 -1 -2.65e-05      0.00 3.143e-01 6.708e-01 1.007e-04 9.646e-03 1.314e-04  5.747 1.493e-02 -10.775 -13.024 -14.242 -12.676
0.0152 0.01508 6.50000 85.8360061646 2.6334447861   52.201  6.219  4.6343  3.426    1  0.000  1.023     0.00     0.00     0.00     0.00     0.00 -1 -2.65e-05      0.00 3.143e-01 6.708e-01 1.007e-04 9.646e-03 1.314e-04  5.748 1.493e-02 -10.777 -12.989 -14.190 -12.654
0.0152 0.01508 6.50000 85.8392868042 2.6334447861   52.201  6.219  4.6269  3.396    1  0.000  1.023     0.00     0.00     0.00     0.00     0.00 -1 -2.65e-05      0.00 3.143e-01 6.708e-01 1.007e-04 9.646e-03 1.314e-04  5.748 1.493e-02 -10.778 -12.953 -14.136 -12.631
0.0152 0.01508 6.50000 85.8425979614 2.6334447861   52.202  6.220  4.6186  3.362    1  0.000  1.023     0.00     0.00     0.00     0.00     0.00 -1 -2.64e-05      0.00 3.142e-01 6.708e-01 1.007e-04 9.646e-03 1.314e-04  5.748 1.494e-02 -10.780 -12.913 -14.075 -12.606
0.0152 0.01508 6.50000 85.8459014893 2.6334447861   52.202  6.221  4.6096  3.325    1  0.000  1.023     0.00     0.00     0.00     0.00     0.00 -1 -2.61e-05      0.00 3.142e-01 6.708e-01 1.007e-04 9.646e-03 1.314e-04  5.749 1.494e-02 -10.782 -12.868 -14.008 -12.578
0.0152 0.01508 6.50000 85.8491973877 2.6334447861   52.204  6.222  4.5999  3.286    1  0.000  1.023     0.00     0.00     0.00     0.00     0.00 -1 -2.57e-05      0.00 3.142e-01 6.708e-01 1.007e-04 9.646e-03 1.314e-04  5.749 1.494e-02 -10.784 -12.821 -13.936 -12.547
0.0152 0.01508 6.50000 85.8524627686 2.6334447861   52.205  6.222  4.5893  3.243    1  0.000  1.023     0.00     0.00     0.00     0.00     0.00 -1 -2.51e-05      0.00 3.142e-01 6.708e-01 1.007e-04 9.646e-03 1.314e-04  5.749 1.494e-02 -10.786 -12.769 -13.859 -12.515
0.0152 0.01508 6.50000 85.8557739258 2.6334447861   52.206  6.223  4.5779  3.196    1  0.000  1.023     0.00     0.00     0.00     0.00     0.00 -1 -2.44e-05      0.00 3.142e-01 6.708e-01 1.007e-04 9.646e-03 1.314e-04  5.749 1.494e-02 -10.788 -12.714 -13.775 -12.479
0.0152 0.01508 6.50000 85.8590545654 2.6334447861   52.206  6.224  4.5657  3.146    1  0.000  1.023     0.00     0.00     0.00     0.00     0.00 -1 -3.06e-05      0.00 3.142e-01 6.708e-01 1.007e-04 9.646e-03 1.314e-04  5.750 1.493e-02 -10.790 -12.654 -13.684 -12.441
0.0152 0.01508 6.50000 85.8625411987 2.6334450245   52.207  6.225  4.5511  3.087    1  0.000  1.023     0.00     0.00     0.00     0.00     0.00 -1 -2.98e-05      0.00 3.142e-01 6.708e-01 1.007e-04 9.646e-03 1.314e-04  5.750 1.493e-02 -10.793 -12.582 -13.576 -12.395
0.0152 0.01508 6.50000 85.8660125732 2.6334450245   52.207  6.226  4.5349  3.021    1  0.000  1.023     0.00     0.00     0.00     0.00     0.00 -1 -2.85e-05      0.00 3.142e-01 6.708e-01 1.007e-04 9.646e-03 1.314e-04  5.750 1.494e-02 -10.796 -12.502 -13.456 -12.344
0.0152 0.01508 6.50000 85.8695220947 2.6334450245   52.199  6.228  4.5254  2.982    1  0.000  1.024     0.00     0.00     0.00     0.00     0.00 -1  -3.6e-05      0.00 3.127e-01 6.724e-01 1.008e-04 9.646e-03 1.313e-04  5.779 1.494e-02 -10.799 -12.458 -13.388 -12.316
0.0152 0.01508 6.50000 85.8731460571 2.6334450245   52.200  6.229  4.5072  2.908    1  0.000  1.024     0.00     0.00     0.00     0.00     0.00 -1 -2.54e-05      0.00 3.127e-01 6.724e-01 1.008e-04 9.646e-03 1.313e-04  5.779 1.494e-02 -10.802 -12.368 -13.253 -12.259
0.0152 0.01508 6.50000 85.8766250610 2.6334450245   52.193  6.230  4.4898  2.837    1  0.000  1.024     0.00     0.00     0.00     0.00     0.00 -1 -3.12e-05      0.00 3.124e-01 6.726e-01 1.008e-04 9.646e-03 1.313e-04  5.785 1.493e-02 -10.805 -12.282 -13.124 -12.204
0.0152 0.01508 6.50000 85.8804626465 2.6334450245   52.184  6.231  4.4686  2.751    1  0.000  1.025     0.00     0.00     0.00     0.00     0.00 -1 -2.97e-05      0.00 3.122e-01 6.729e-01 1.008e-04 9.646e-03 1.313e-04  5.790 1.494e-02 -10.808 -12.177 -12.966 -12.137
0.0152 0.01508 6.50000 85.8842620850 2.6334450245   52.175  6.232  4.4457  2.658    1  0.000  1.025     0.00     0.00     0.00     0.00     0.00 -1 -4.05e-05      0.00 3.119e-01 6.731e-01 1.008e-04 9.646e-03 1.313e-04  5.796 1.493e-02 -10.811 -12.064 -12.797 -12.064
0.0152 0.01508 6.50000 85.8880844116 2.6334450245   52.163  6.233  4.4206  2.556    1  0.000  1.025     0.00     0.00     0.00     0.00     0.00 -1 -6.73e-05      0.00 3.117e-01 6.734e-01 1.008e-04 9.646e-03 1.313e-04  5.798 1.495e-02 -10.814 -11.940 -12.609 -11.984
0.0152 0.01508 6.50000 85.8919296265 2.6334450245   52.137  6.235  4.3960  2.457    1  0.000  1.026     0.00     0.00     0.00     0.00     0.00 -1 -0.000128      0.00 3.110e-01 6.741e-01 1.008e-04 9.646e-03 1.312e-04  5.809 1.494e-02 -10.816 -11.817 -12.426 -11.906
0.0152 0.01508 6.50000 85.8958282471 2.6334452629   52.095  6.236  4.3762  2.375    1  0.000  1.027     0.00     0.00     0.00     0.00     0.00 -1 -0.000274      0.00 3.086e-01 6.765e-01 1.009e-04 9.646e-03 1.311e-04  5.847 1.493e-02 -10.820 -11.720 -12.279 -11.844
0.0152 0.01508 6.50000 85.8996505737 2.6334452629   52.054  6.237  4.3492  2.266    1  0.000  1.029     0.00     0.00     0.00     0.00     0.00 -1 -0.000377      0.00 3.067e-01 6.783e-01 1.010e-04 9.646e-03 1.310e-04  5.874 1.495e-02 -10.823 -11.586 -12.079 -11.758
0.0152 0.01508 6.50000 85.9029083252 2.6334452629   52.016  6.238  4.3142  2.125    1  0.000  1.029     0.00     0.00     0.00     0.00     0.00 -1 -0.000361      0.00 3.063e-01 6.788e-01 1.010e-04 9.646e-03 1.309e-04  5.882 1.496e-02 -10.825 -11.411 -11.816 -11.644
0.0152 0.01508 6.50000 85.9053344727 2.6334452629   51.969  6.239  4.2802  1.988    1  0.000  1.029     0.00     0.00     0.00     0.00     0.00 -1 -0.000628      0.00 3.058e-01 6.792e-01 1.010e-04 9.646e-03 1.309e-04  5.887 1.496e-02 -10.827 -11.239 -11.560 -11.533
0.0152 0.01508 6.50000 85.9068450928 2.6334452629   51.940  6.239  4.2610  1.910    1  0.000  1.030     0.00     0.00     0.00     0.00     0.00 -1 -0.000859      0.00 3.055e-01 6.795e-01 1.010e-04 9.646e-03 1.309e-04  5.891 1.496e-02 -10.827 -11.142 -11.415 -11.470
0.0152 0.01508 6.50000 85.9118576050 2.6334452629   51.852  6.240  4.1975  1.654    1  0.000  1.031     0.00     0.00     0.00     0.00     0.00 -1 -0.000976      0.00 3.044e-01 6.806e-01 1.011e-04 9.646e-03 1.308e-04  5.907 1.497e-02 -10.831 -10.823 -10.938 -11.264
0.0152 0.01508 6.50000 85.9216232300 2.6334452629   51.705  6.243  4.1063  1.285    1  0.000  1.033     0.00     0.00     0.00     0.00     0.00 -1 -0.000792      0.00 3.019e-01 6.832e-01 1.012e-04 9.646e-03 1.307e-04  5.943 1.494e-02 -10.838 -10.367 -10.255 -10.970
0.0152 0.01508 6.50000 85.9358444214 2.6334455013   51.545  6.247  3.9662  0.720    1  0.000  1.036     0.00     0.00     0.00     0.00     0.00 -1 -0.000541      0.00 2.988e-01 6.863e-01 1.013e-04 9.646e-03 1.305e-04  5.989 1.493e-02 -10.849 -9.665 -9.205 -10.517
0.0152 0.01508 6.50000 85.9604797363 2.6334457397   51.361  6.253  3.8417  0.214    1  0.000  1.039     0.00     0.00     0.00     0.00     0.00 -1 -0.000406      0.00 2.953e-01 6.898e-01 1.015e-04 9.646e-03 1.303e-04  6.034 1.495e-02 -10.864 -9.047 -8.278 -10.120
0.0152 0.01508 6.50000 86.0167770386 2.6334459782   51.017  6.264  3.8256  0.136    1  0.000  1.049     0.00     0.00     0.00     0.00     0.00 -1 -0.000407      0.00 2.837e-01 7.013e-01 1.020e-04 9.646e-03 1.296e-04  6.149 1.496e-02 -10.890 -8.992 -8.182 -10.093
0.0152 0.01508 6.50000 86.1744613647 2.6334471703   49.966  6.281  3.8284  0.121    1  0.000  1.069     0.00     0.00     0.00     0.00     0.00 -1 -0.000455      0.00 2.473e-01 7.377e-01 1.023e-04 9.650e-03 1.277e-04  6.345 1.495e-02 -10.932 -9.049 -8.246 -10.145
0.0152 0.01508 6.50000 86.2342071533 2.6334476471   49.543  6.284  3.8366  0.147    1  0.000  1.076     0.00     0.00     0.00     0.00     0.00 -1  -0.00047      0.00 2.343e-01 7.508e-01 1.023e-04 9.651e-03 1.269e-04  6.404 1.496e-02 -10.940 -9.098 -8.316 -10.180
0.0152 0.01508 6.50000 86.3641510010 2.6334486008   48.737  6.291  4.0070  0.815    1  0.000  1.119     0.00     0.00     0.00     0.00     0.00 -1 -0.000382      0.00 2.056e-01 7.795e-01 1.050e-04 9.652e-03 1.250e-04  6.657 1.497e-02 -10.957 -9.981 -9.622 -10.760
0.0152 0.01508 6.50000 86.3744354248 2.6334486008   48.676  6.293  4.0813  1.110    1  0.000  1.138     0.00     0.00     0.00     0.00     0.00 -1 -0.000378      0.00 1.973e-01 7.877e-01 1.065e-04 9.651e-03 1.244e-04  6.746 1.497e-02 -10.962 -10.363 -10.190 -11.011
0.0152 0.01508 6.50000 86.3772964478 2.6334488392   48.661  6.293  4.0866  1.131    1  0.000  1.139     0.00     0.00     0.00     0.00     0.00 -1 -0.000344      0.00 1.968e-01 7.882e-01 1.066e-04 9.650e-03 1.244e-04  6.750 1.497e-02 -10.962 -10.390 -10.230 -11.028
0.0152 0.01508 6.50000 86.3813400269 2.6334488392   48.639  6.293  4.0935  1.158    1  0.000  1.141     0.00     0.00     0.00     0.00     0.00 -1 -0.000327      0.00 1.960e-01 7.890e-01 1.067e-04 9.650e-03 1.243e-04  6.757 1.497e-02 -10.962 -10.426 -10.282 -11.051
0.0152 0.01508 6.50000 86.3869934082 2.6334488392   48.608  6.293  4.1021  1.192    1  0.000  1.143     0.00     0.00     0.00     0.00     0.00 -1 -0.000325      0.00 1.950e-01 7.901e-01 1.068e-04 9.650e-03 1.242e-04  6.766 1.497e-02 -10.962 -10.470 -10.347 -11.080
0.0152 0.01508 6.50000 86.3950576782 2.6334488392   48.565  6.293  4.1134  1.237    1  0.000  1.146     0.00     0.00     0.00     0.00     0.00 -1 -0.000322      0.00 1.935e-01 7.916e-01 1.070e-04 9.650e-03 1.241e-04  6.778 1.497e-02 -10.963 -10.528 -10.434 -11.118
0.0152 0.01508 6.50000 86.4064254761 2.6334488392   48.504  6.294  4.1285  1.296    1  0.000  1.150     0.00     0.00     0.00     0.00     0.00 -1 -0.000318      0.00 1.913e-01 7.937e-01 1.073e-04 9.650e-03 1.240e-04  6.795 1.497e-02 -10.964 -10.606 -10.549 -11.169
0.0152 0.01508 6.50000 86.4452972412 2.6334493160   48.295  6.295  4.1780  1.491    1  0.000  1.165     0.00     0.00     0.00     0.00     0.00 -1 -0.000305      0.00 1.840e-01 8.010e-01 1.083e-04 9.650e-03 1.235e-04  6.851 1.497e-02 -10.968 -10.861 -10.928 -11.337
0.0152 0.01508 6.50000 86.5586090088 2.6334500313   47.896  6.299  4.6592  3.409    1  0.000  1.282     0.00     0.00     0.00     0.00     0.00 -1 -0.000142      0.00 1.312e-01 8.538e-01 1.154e-04 9.646e-03 1.203e-04  7.205 1.497e-02 -10.976 -13.315 -14.578 -12.936
0.0152 0.01508 6.50000 86.6396789551 2.6334507465   47.762  6.297  4.6809  3.495    1  0.000  1.277     0.00     0.00     0.00     0.00     0.00 -1 -0.000141      0.00 1.312e-01 8.538e-01 1.150e-04 9.647e-03 1.202e-04  7.197 1.496e-02 -10.973 -13.422 -14.739 -13.004
0.0152 0.01508 6.50000 86.6801757812 2.6334509850   47.695  6.297  4.6905  3.534    1  0.000  1.275     0.00     0.00     0.00     0.00     0.00 -1  -0.00014      0.00 1.312e-01 8.539e-01 1.148e-04 9.647e-03 1.202e-04  7.195 1.495e-02 -10.971 -13.469 -14.810 -13.035
0.0152 0.01508 6.50000 86.7206726074 2.6334512234   47.628  6.296  4.7002  3.573    1  0.000  1.273     0.00     0.00     0.00     0.00     0.00 -1  -0.00014      0.00 1.312e-01 8.539e-01 1.146e-04 9.647e-03 1.202e-04  7.192 1.495e-02 -10.970 -13.517 -14.882 -13.065
0.0152 0.01508 6.50000 86.7611770630 2.6334514618   47.562  6.295  4.7098  3.611    1  0.000  1.271     0.00     0.00     0.00     0.00     0.00 -1 -0.000139      0.00 1.311e-01 8.539e-01 1.144e-04 9.647e-03 1.202e-04  7.188 1.496e-02 -10.968 -13.564 -14.953 -13.095
0.0152 0.01508 6.50000 86.8016586304 2.6334519386   47.495  6.295  4.7197  3.651    1  0.000  1.269     0.00     0.00     0.00     0.00     0.00 -1 -0.000139      0.00 1.311e-01 8.539e-01 1.142e-04 9.647e-03 1.202e-04  7.184 1.495e-02 -10.966 -13.613 -15.026 -13.126
0.0152 0.01508 6.50000 86.8421783447 2.6334521770   47.428  6.294  4.7295  3.690    1  0.000  1.266     0.00     0.00     0.00     0.00     0.00 -1 -0.000139      0.00 1.311e-01 8.540e-01 1.139e-04 9.647e-03 1.201e-04  7.179 1.496e-02 -10.965 -13.661 -15.099 -13.157
0.0152 0.01508 6.50000 86.8827819824 2.6334524155   47.362  6.293  4.7398  3.731    1  0.000  1.265     0.00     0.00     0.00     0.00     0.00 -1 -0.000139      0.00 1.310e-01 8.540e-01 1.136e-04 9.648e-03 1.201e-04  7.175 1.497e-02 -10.963 -13.711 -15.174 -13.189
0.0152 0.01508 6.50000 86.9233627319 2.6334526539   47.296  6.292  4.7500  3.773    1  0.000  1.264     0.00     0.00     0.00     0.00     0.00 -1 -0.000139      0.00 1.309e-01 8.541e-01 1.134e-04 9.648e-03 1.200e-04  7.172 1.499e-02 -10.960 -13.761 -15.250 -13.221
0.0152 0.01508 6.50000 86.9640121460 2.6334528923   47.230  6.291  4.7601  3.813    1  0.000  1.260     0.00     0.00     0.00     0.00     0.00 -1 -0.000139      0.00 1.307e-01 8.543e-01 1.129e-04 9.649e-03 1.200e-04  7.163 1.498e-02 -10.958 -13.810 -15.324 -13.252
0.0152 0.01508 6.50000 87.0046997070 2.6334533691   47.164  6.290  4.7701  3.854    1  0.000  1.255     0.00     0.00     0.00     0.00     0.00 -1 -0.000139      0.00 1.306e-01 8.545e-01 1.123e-04 9.651e-03 1.200e-04  7.153 1.496e-02 -10.956 -13.858 -15.397 -13.283
0.0152 0.01508 6.50000 87.0454711914 2.6334536076   47.098  6.289  4.7799  3.893    1  0.000  1.244     0.00     0.00     0.00     0.00     0.00 -1 -0.000138      0.00 1.305e-01 8.546e-01 1.111e-04 9.653e-03 1.200e-04  7.131 1.496e-02 -10.954 -13.906 -15.469 -13.312
0.0152 0.01508 6.50000 87.0863265991 2.6334538460   47.033  6.288  4.7895  3.932    1  0.000  1.230     0.00     0.00     0.00     0.00     0.00 -1 -0.000138      0.00 1.304e-01 8.546e-01 1.098e-04 9.655e-03 1.199e-04  7.102 1.496e-02 -10.951 -13.952 -15.539 -13.342
0.0152 0.01508 6.50000 87.1272125244 2.6334540844   46.968  6.287  4.7991  3.971    1  0.000  1.214     0.00     0.00     0.00     0.00     0.00 -1 -0.000137      0.00 1.303e-01 8.547e-01 1.082e-04 9.657e-03 1.199e-04  7.066 1.497e-02 -10.948 -13.998 -15.609 -13.371
0.0152 0.01508 6.50000 87.1682052612 2.6334545612   46.902  6.286  4.8085  4.009    1  0.000  1.196     0.00     0.00     0.00     0.00     0.00 -1 -0.000136      0.00 1.303e-01 8.547e-01 1.064e-04 9.658e-03 1.199e-04  7.022 1.497e-02 -10.945 -14.043 -15.677 -13.399
0.0152 0.01508 6.50000 87.2093048096 2.6334547997   46.837  6.285  4.8180  4.048    1  0.000  1.178     0.00     0.00     0.00     0.00     0.00 -1 -0.000136      0.00 1.303e-01 8.547e-01 1.046e-04 9.661e-03 1.199e-04  6.972 1.498e-02 -10.942 -14.088 -15.746 -13.427
0.0152 0.01508 6.50000 87.2504730225 2.6334550381   46.772  6.284  4.8275  4.086    1  0.000  1.160     0.00     0.00     0.00     0.00     0.00 -1 -0.000136      0.00 1.302e-01 8.548e-01 1.028e-04 9.665e-03 1.199e-04  6.916 1.500e-02 -10.939 -14.133 -15.814 -13.455
0.0152 0.01508 6.50000 87.2917785645 2.6334552765   46.708  6.282  4.8369  4.125    1  0.000  1.143     0.00     0.00     0.00     0.00     0.00 -1 -0.000135      0.00 1.302e-01 8.548e-01 1.011e-04 9.667e-03 1.199e-04  6.857 1.500e-02 -10.936 -14.178 -15.883 -13.483
0.0152 0.01508 6.50000 87.3331909180 2.6334557533   46.643  6.281  4.8463  4.163    1  0.000  1.128     0.00     0.00     0.00     0.00     0.00 -1 -0.000135      0.00 1.302e-01 8.548e-01 9.972e-05 9.668e-03 1.199e-04  6.799 1.496e-02 -10.932 -14.222 -15.950 -13.511
0.0152 0.01508 6.50000 87.3747024536 2.6334559917   46.578  6.279  4.8557  4.201    1  0.000  1.115     0.00     0.00     0.00     0.00     0.00 -1 -0.000134      0.00 1.302e-01 8.548e-01 9.850e-05 9.670e-03 1.199e-04  6.741 1.495e-02 -10.928 -14.266 -16.017 -13.538
0.0152 0.01508 6.50000 87.4164123535 2.6334562302   46.514  6.278  4.8650  4.240    1  0.000  1.106     0.00     0.00     0.00     0.00     0.00 -1 -0.000133      0.00 1.302e-01 8.549e-01 9.764e-05 9.671e-03 1.199e-04  6.695 1.496e-02 -10.925 -14.309 -16.084 -13.565
0.0152 0.01508 6.50000 87.4582290649 2.6334564686   46.449  6.276  4.8743  4.278    1  0.000  1.097     0.00     0.00     0.00     0.00     0.00 -1 -0.000132      0.00 1.301e-01 8.549e-01 9.683e-05 9.672e-03 1.199e-04  6.647 1.497e-02 -10.920 -14.352 -16.150 -13.592
0.0152 0.01508 6.50000 87.5002288818 2.6334569454   46.385  6.274  4.8835  4.316    1  0.000  1.091     0.00     0.00     0.00     0.00     0.00 -1 -0.000132      0.00 1.300e-01 8.551e-01 9.639e-05 9.673e-03 1.199e-04  6.617 1.496e-02 -10.916 -14.395 -16.215 -13.618
0.0152 0.01508 6.50000 87.5424194336 2.6334571838   46.320  6.273  4.8926  4.353    1  0.000  1.086     0.00     0.00     0.00     0.00     0.00 -1 -0.000131      0.00 1.299e-01 8.552e-01 9.597e-05 9.674e-03 1.199e-04  6.586 1.496e-02 -10.912 -14.437 -16.280 -13.643
0.0152 0.01508 6.50000 87.5847702026 2.6334574223   46.258  6.271  4.9014  4.390    1  0.000  1.077     0.00     0.00     0.00     0.00     0.00 -1 -0.000131      0.00 1.298e-01 8.552e-01 9.523e-05 9.675e-03 1.200e-04  6.528 1.496e-02 -10.907 -14.477 -16.342 -13.668
0.0152 0.01508 6.50000 87.6273193359 2.6334576607   46.194  6.269  4.9103  4.427    1  0.000  1.068     0.00     0.00     0.00     0.00     0.00 -1 -0.000131      0.00 1.298e-01 8.553e-01 9.451e-05 9.676e-03 1.200e-04  6.463 1.495e-02 -10.902 -14.517 -16.404 -13.692
0.0152 0.01508 6.50000 87.6701278687 2.6334581375   46.131  6.267  4.9188  4.463    1  0.000  1.056     0.00     0.00     0.00     0.00     0.00 -1  -0.00013      0.00 1.297e-01 8.554e-01 9.356e-05 9.677e-03 1.200e-04  6.356 1.498e-02 -10.897 -14.555 -16.464 -13.715
0.0152 0.01508 6.50000 87.7131195068 2.6334583759   46.068  6.265  4.9273  4.498    1  0.000  1.044     0.00     0.00     0.00     0.00     0.00 -1 -0.000129      0.00 1.296e-01 8.554e-01 9.266e-05 9.678e-03 1.201e-04  6.224 1.499e-02 -10.892 -14.593 -16.523 -13.738
0.0152 0.01508 6.50000 87.7564163208 2.6334586143   46.005  6.262  4.9357  4.533    1  0.000  1.035     0.00     0.00     0.00     0.00     0.00 -1 -0.000128      0.00 1.294e-01 8.556e-01 9.200e-05 9.679e-03 1.201e-04  6.089 1.499e-02 -10.886 -14.630 -16.581 -13.760
0.0152 0.01508 6.50000 87.7997055054 2.6334590912   45.942  6.260  4.9440  4.568    1  0.000  1.026     0.00     0.00     0.00     0.00     0.00 -1 -0.000127      0.00 1.291e-01 8.559e-01 9.139e-05 9.680e-03 1.202e-04  5.904 1.497e-02 -10.881 -14.667 -16.638 -13.782
0.0152 0.01508 6.50000 87.8870620728 2.6334595680   45.818  6.256  4.9599  4.635    1  0.000  1.003     0.00     0.00     0.00     0.00     0.00 -1 -0.000125      0.00 1.285e-01 8.566e-01 8.979e-05 9.683e-03 1.204e-04 -1.000 1.496e-02 -10.869 -14.736 -16.747 -13.824
0.0152 0.01508 6.50000 87.9761505127 2.6334602833   45.693  6.251  4.9749  4.698    1  0.000  0.964     0.00     0.00     0.00     0.00     0.00 -1 -0.000124      0.00 1.276e-01 8.574e-01 8.681e-05 9.687e-03 1.205e-04 -1.000 1.500e-02 -10.858 -2.214 -1.784 -2.506
0.0152 0.01508 6.50000 88.0667114258 2.6334609985   45.568  6.247  4.9891  4.759    1  0.000  0.922     0.00     0.00     0.00     0.00     0.00 -1 -0.000123      0.00 1.260e-01 8.590e-01 8.353e-05 9.691e-03 1.205e-04 -1.000 1.499e-02 -10.847 -2.101 -1.672 -2.392
0.0152 0.01508 6.50000 88.1587600708 2.6334614754   45.438  6.243  5.0020  4.813    1  0.000  0.900     0.00     0.00     0.00     0.00     0.00 -1 -0.000123      0.00 1.234e-01 8.616e-01 8.158e-05 9.695e-03 1.200e-04 -1.000 1.501e-02 -10.837 -1.999 -1.570 -2.289
0.0152 0.01508 6.50000 88.2525177002 2.6334621906   45.304  6.239  5.0143  4.864    1  0.000  0.921     0.00     0.00     0.00     0.00     0.00 -1 -0.000122      0.00 1.195e-01 8.655e-01 8.303e-05 9.694e-03 1.196e-04 -1.000 1.499e-02 -10.827 -1.903 -1.474 -2.191
0.0152 0.01508 6.50000 88.3479003906 2.6334629059   45.169  6.235  5.0253  4.911    1  0.000  0.943     0.00     0.00     0.00     0.00     0.00 -1 -0.000121      0.00 1.155e-01 8.695e-01 8.442e-05 9.693e-03 1.189e-04 -1.000 1.499e-02 -10.818 -1.815 -1.386 -2.101
0.0152 0.01508 6.50000 88.4447174072 2.6334636211   45.032  6.232  5.0356  4.954    1  0.000  0.965     0.00     0.00     0.00     0.00     0.00 -1 -0.000121      0.00 1.114e-01 8.736e-01 8.569e-05 9.692e-03 1.182e-04 -1.000 1.500e-02 -10.810 -1.732 -1.305 -2.018
0.0152 0.01508 6.50000 88.5919418335 2.6334645748   44.828  6.227  5.0491  5.011    1  0.000  1.011     0.00     0.00     0.00     0.00     0.00 -1  -0.00012      0.00 1.049e-01 8.801e-01 8.866e-05 9.689e-03 1.170e-04  5.869 1.499e-02 -10.797 -15.118 -17.351 -14.047
0.0152 0.01508 6.50000 88.6904449463 2.6334652901   44.691  6.224  5.0576  5.046    1  0.000  1.041     0.00     0.00     0.00     0.00     0.00 -1  -0.00012      0.00 1.005e-01 8.845e-01 9.066e-05 9.687e-03 1.162e-04  6.464 1.498e-02 -10.790 -15.154 -17.407 -14.067
0.0152 0.01508 6.50000 88.7881164551 2.6334660053   44.557  6.222  5.0646  5.076    1  0.000  1.070     0.00     0.00     0.00     0.00     0.00 -1  -0.00012      0.00 9.608e-02 8.890e-01 9.255e-05 9.685e-03 1.155e-04  6.713 1.497e-02 -10.784 -15.184 -17.455 -14.085
0.0152 0.01508 6.50000 88.8838119507 2.6334664822   44.426  6.219  5.0715  5.104    1  0.000  1.099     0.00     0.00     0.00     0.00     0.00 -1  -0.00012      0.00 9.149e-02 8.936e-01 9.443e-05 9.684e-03 1.147e-04  6.884 1.496e-02 -10.779 -15.213 -17.501 -14.102
0.0152 0.01508 6.50000 88.9765319824 2.6334671974   44.299  6.218  5.0777  5.130    1  0.000  1.129     0.00     0.00     0.00     0.00     0.00 -1  -0.00012      0.00 8.654e-02 8.985e-01 9.637e-05 9.682e-03 1.140e-04  7.021 1.496e-02 -10.775 -15.241 -17.544 -14.118
0.0152 0.01508 6.50000 89.0655899048 2.6334679127   44.177  6.216  5.0836  5.153    1  0.000  1.159     0.00     0.00     0.00     0.00     0.00 -1 -0.000121      0.00 8.156e-02 9.035e-01 9.836e-05 9.680e-03 1.133e-04  7.137 1.496e-02 -10.771 -15.267 -17.585 -14.134
0.0152 0.01508 6.50000 89.2758407593 2.6334693432   43.898  6.214  5.0965  5.204    1  0.000  1.360     0.00     0.00     0.00     0.00     0.00 -1 -0.000122      0.00 6.916e-02 9.140e-01 1.838e-03 9.592e-03 2.214e-04  9.304 1.685e-02 -10.765 -15.327 -17.677 -14.171
0.0152 0.01508 6.50000 90.0000000000 2.6334741116   42.938  6.206  5.1248  5.316    1  0.000  3.581     0.00     0.00     0.00     0.00     0.00 -1 -0.000121      0.00 2.993e-02 9.238e-01 2.862e-02 8.430e-03 2.171e-03 10.876 4.625e-02 -10.746 -15.479 -18.008 -14.220
0.0152 0.01508 6.50000 91.3541336060 2.6334831715   41.052  6.186  5.1418  5.385    1  0.000  9.088     0.00     0.00     0.00     0.00     0.00 -1 -0.000107      0.00 3.446e-05 8.873e-01 8.908e-02 5.706e-03 6.583e-03 14.309 1.127e-01 -10.695 -15.514 -18.136 -14.200
0.0152 0.01508 6.50000 95.0000000000 2.6335055828   38.246  6.161  5.1425  5.382    1  0.000 11.951     0.00     0.00     0.00     0.00     0.00 -1 -6.05e-05      0.00 1.000e-33 6.667e-01 2.831e-01 6.715e-04 3.022e-02 43.337 3.333e-01 -10.632 -15.455 -18.079 -14.139
0.0152 0.01508 6.50000 95.9619674683 2.6335113049   37.834  6.159  5.1426  5.380    1  0.000 11.614     0.00     0.00     0.00     0.00     0.00 -1 -5.38e-05      0.00 1.000e-33 6.212e-01 3.213e-01 1.000e-33 3.702e-02 43.388 3.788e-01 -10.626 -15.450 -18.074 -14.134
0.0152 0.01508 6.50000 98.7034912109 2.6335265636   37.282  6.162  5.1449  5.380    2  0.000  8.549     0.00     0.00     0.00     0.00     0.00 -1  -4.2e-05      0.00 1.000e-33 5.379e-01 3.774e-01 1.206e-29 6.420e-02 43.438 4.621e-01 -10.634 -15.470 -18.099 -14.149
0.0152 0.01508 6.50000 100.0000000000 2.6335334778   37.065  6.163  5.1461  5.380    2  0.000  7.329     0.00     0.00     0.00     0.00     0.00 -1 -3.76e-05      0.00 1.000e-33 5.026e-01 4.003e-01 1.685e-29 7.658e-02 43.456 4.974e-01 -10.639 -15.480 -18.113 -14.158
0.0152 0.01508 6.50000 101.1036453247 2.6335391998   36.866  6.164  5.1470  5.380    2  0.000  6.475     0.00     0.00     0.00     0.00     0.00 -1 -3.45e-05      0.00 1.000e-33 4.766e-01 4.167e-01 4.415e-27 8.614e-02 43.467 5.234e-01 -10.641 -15.487 -18.122 -14.163
0.0152 0.01508 6.50000 104.7578430176 2.6335573196   36.586  6.173  5.1541  5.397    3  0.000  4.959     0.00     0.00     0.00     0.00     0.00 -1  -3.2e-05      0.00 1.000e-33 4.124e-01 4.460e-01 5.786e-26 1.209e-01 43.471 5.876e-01 -10.662 -15.544 -18.196 -14.208
0.0152 0.01508 6.50000 104.8115158081 2.6335575581   36.582  6.173  5.1542  5.397    3  0.000  4.939     0.00     0.00     0.00     0.00     0.00 -1 -3.19e-05      0.00 1.000e-33 4.115e-01 4.464e-01 6.284e-26 1.214e-01 43.471 5.885e-01 -10.662 -15.545 -18.197 -14.209
0.0152 0.01508 6.50000 106.6172332764 2.6335659027   36.326  6.175  5.1622  5.424    3  0.000  3.593     0.00     0.00     0.00     0.00     0.00 -1 -3.99e-05      0.00 1.000e-33 3.266e-01 4.667e-01 1.551e-25 1.857e-01 43.436 6.734e-01 -10.669 -15.592 -18.218 -14.265
0.0152 0.01508 6.50000 108.3723526001 2.6335737705   35.937  6.177  5.1747  5.467    3  0.000  2.556     0.00     0.00     0.00     0.00     0.00 -1 -4.88e-05      0.00 1.000e-33 2.511e-01 4.655e-01 1.377e-24 2.622e-01 43.350 7.489e-01 -10.673 -15.660 -18.281 -14.329
0.0152 0.01508 6.50000 109.2591705322 2.6335775852   35.667  6.178  5.1857  5.507    3  0.000  2.189     0.00     0.00     0.00     0.00     0.00 -1 -5.43e-05      0.00 1.000e-33 2.203e-01 4.551e-01 1.995e-24 3.032e-01 43.278 7.797e-01 -10.675 -15.720 -18.355 -14.374
0.0152 0.01508 6.50000 109.3824844360 2.6335780621   35.626  6.178  5.1876  5.514    3  0.000  2.155     0.00     0.00     0.00     0.00     0.00 -1 -5.49e-05      0.00 1.000e-33 2.176e-01 4.545e-01 2.031e-24 3.065e-01 43.272 7.824e-01 -10.676 -15.730 -18.368 -14.382
0.0152 0.01508 6.50000 109.5855636597 2.6335790157   35.550  6.180  5.1938  5.536    3  0.000  2.067     0.00     0.00     0.00     0.00     0.00 -1 -5.67e-05      0.00 1.000e-33 2.094e-01 4.489e-01 1.882e-24 3.203e-01 43.240 7.906e-01 -10.680 -15.766 -18.417 -14.408
0.0152 0.01508 6.50000 109.8759841919 2.6335802078   35.440  6.184  5.2071  5.584    3  0.000  1.960     0.00     0.00     0.00     0.00     0.00 -1 -6.03e-05      0.00 1.000e-33 1.994e-01 4.421e-01 1.694e-24 3.370e-01 43.198 8.006e-01 -10.690 -15.842 -18.520 -14.463
0.0152 0.01508 6.50000 109.9646530151 2.6335804462   35.403  6.189  5.2176  5.621    3  0.000  1.943     0.00     0.00     0.00     0.00     0.00 -1 -6.31e-05      0.00 1.000e-33 1.979e-01 4.410e-01 1.665e-24 3.395e-01 43.191 8.021e-01 -10.701 -15.905 -18.609 -14.509
0.0152 0.01508 6.50000 110.0028610229 2.6335806847   35.386  6.193  5.2264  5.652    3  0.000  1.938     0.00     0.00     0.00     0.00     0.00 -1 -6.55e-05      0.00 1.000e-33 1.974e-01 4.408e-01 1.655e-24 3.403e-01 43.189 8.026e-01 -10.711 -15.960 -18.685 -14.548
0.0152 0.01508 6.50000 110.0512847900 2.6335809231   35.362  6.200  5.2409  5.702    3  0.000  1.930     0.00     0.00     0.00     0.00     0.00 -1 -7.01e-05      0.00 1.000e-33 1.968e-01 4.404e-01 1.651e-24 3.413e-01 43.186 8.032e-01 -10.730 -16.052 -18.813 -14.615
0.0152 0.01508 6.50000 110.1013641357 2.6335811615   35.335  6.208  5.2546  5.749    3  0.000  1.920     0.00     0.00     0.00     0.00     0.00 -1 -7.49e-05      0.00 1.000e-33 1.959e-01 4.398e-01 1.648e-24 3.427e-01 43.183 8.041e-01 -10.749 -16.140 -18.935 -14.679
0.0152 0.01508 6.50000 110.1583480835 2.6335813999   35.301  6.216  5.2681  5.794    3  0.000  1.908     0.00     0.00     0.00     0.00     0.00 -1 -8.06e-05      0.00 1.000e-33 1.949e-01 4.392e-01 1.642e-24 3.443e-01 43.178 8.051e-01 -10.770 -16.229 -19.057 -14.744
0.0152 0.01508 6.50000 110.2163543701 2.6335816383   35.264  6.224  5.2802  5.834    3  0.000  1.893     0.00     0.00     0.00     0.00     0.00 -1 -8.75e-05      0.00 1.000e-33 1.936e-01 4.383e-01 1.629e-24 3.464e-01 43.172 8.064e-01 -10.791 -16.312 -19.168 -14.806
0.0152 0.01508 6.50000 110.2740936279 2.6335818768   35.222  6.234  5.2915  5.869    3  0.000  1.875     0.00     0.00     0.00     0.00     0.00 -1  -9.5e-05      0.00 1.000e-33 1.921e-01 4.373e-01 1.660e-24 3.489e-01 43.166 8.079e-01 -10.814 -16.392 -19.274 -14.866
0.0152 0.01508 6.50000 110.3278427124 2.6335821152   35.178  6.247  5.3055  5.911    3  0.000  1.857     0.00     0.00     0.00     0.00     0.00 -1 -0.000108      0.00 1.000e-33 1.906e-01 4.364e-01 1.698e-24 3.514e-01 43.158 8.094e-01 -10.849 -16.496 -19.413 -14.947
0.0152 0.01508 6.50000 110.3398895264 2.6335821152   35.169  6.261  5.3189  5.951    3  0.000  1.854     0.00     0.00     0.00     0.00     0.00 -1 -0.000121      0.00 1.000e-33 1.903e-01 4.362e-01 1.701e-24 3.518e-01 43.157 8.097e-01 -10.881 -16.597 -19.547 -15.024
0.0152 0.01508 6.50000 110.3406143188 2.6335821152   35.171  6.263  5.3215  5.959    3  0.000  1.854     0.00     0.00     0.00     0.00     0.00 -1 -0.000123      0.00 1.000e-33 1.903e-01 4.362e-01 1.701e-24 3.518e-01 43.157 8.097e-01 -10.888 -16.617 -19.573 -15.039
#isochrone terminated
